0 0.7975 0.3803 0.0321 0.0568
0 0.5293 0.3460 0.0273 0.0585
0 0.4022 0.3617 0.0251 0.0559
0 0.4846 0.3107 0.0248 0.0433
0 0.7439 0.3331 0.0204 0.0484
0 0.2881 0.4253 0.0397 0.0596
0 0.8283 0.3279 0.0211 0.0519
0 0.3356 0.2717 0.0247 0.0441
0 0.5142 0.2745 0.0246 0.0303
0 0.4411 0.2751 0.0418 0.0234
0 0.8591 0.4340 0.0198 0.0702
0 0.2668 0.6396 0.0374 0.0582
0 0.9068 0.9376 0.0214 0.0735
0 0.5416 0.2971 0.0278 0.0351
0 0.7784 0.3347 0.0264 0.0437
0 0.4823 0.2740 0.0264 0.0265
0 0.4499 0.3590 0.0503 0.0374
0 0.3830 0.2736 0.0203 0.0229
0 0.5724 0.3619 0.0410 0.0361
0 0.6812 0.3341 0.0392 0.0374
0 0.6483 0.3104 0.0440 0.0336
0 0.7588 0.2905 0.0423 0.0366
0 0.5486 0.2679 0.0221 0.0237
0 0.6122 0.2646 0.0192 0.0270
