0 0.7965 0.3787 0.0342 0.0573
0 0.5292 0.3478 0.0269 0.0572
0 0.8433 0.4134 0.0204 0.0691
0 0.4845 0.3111 0.0252 0.0442
0 0.4503 0.3610 0.0510 0.0379
0 0.3334 0.2730 0.0273 0.0453
0 0.2668 0.6396 0.0375 0.0582
0 0.2883 0.4253 0.0388 0.0597
0 0.7440 0.3325 0.0190 0.0487
0 0.5151 0.2757 0.0255 0.0329
0 0.5424 0.2973 0.0266 0.0395
0 0.8284 0.3282 0.0204 0.0524
0 0.4018 0.3598 0.0244 0.0591
0 0.4401 0.2748 0.0405 0.0225
0 0.4825 0.2745 0.0282 0.0269
0 0.9122 0.8710 0.0208 0.0697
0 0.7789 0.3339 0.0239 0.0439
0 0.6816 0.3354 0.0346 0.0411
0 0.5701 0.3625 0.0427 0.0376
0 0.3835 0.2734 0.0206 0.0227
0 0.6453 0.3077 0.0364 0.0408
0 0.6126 0.2652 0.0199 0.0286
0 0.5489 0.2676 0.0212 0.0244
0 0.7585 0.2839 0.0395 0.0277
