0 0.4718 0.3968 0.0433 0.0444
0 0.2889 0.4239 0.0391 0.0596
0 0.3325 0.2724 0.0257 0.0576
0 0.2742 0.6462 0.0494 0.0483
0 0.4854 0.3098 0.0259 0.0450
0 0.4045 0.3153 0.0213 0.0551
0 0.7551 0.6883 0.0313 0.0679
0 0.7416 0.2362 0.0394 0.0681
0 0.7445 0.3326 0.0181 0.0519
0 0.5304 0.3440 0.0241 0.0552
0 0.5740 0.3610 0.0405 0.0343
0 0.8082 0.3604 0.0213 0.0570
0 0.8282 0.3271 0.0213 0.0499
0 0.6827 0.3381 0.0322 0.0507
0 0.5176 0.3053 0.0248 0.0461
0 0.5421 0.2986 0.0264 0.0392
0 0.6532 0.3082 0.0442 0.0359
0 0.4899 0.2736 0.0211 0.0262
0 0.7824 0.3351 0.0212 0.0457
0 0.3728 0.2731 0.0225 0.0226
0 0.7822 0.2965 0.0344 0.0377
0 0.4255 0.2762 0.0195 0.0285
0 0.5484 0.2665 0.0212 0.0229
0 0.6142 0.2680 0.0209 0.0312
0 0.4309 0.2736 0.0208 0.0253
