0 0.7057 0.2396 0.0485 0.0262
0 0.2920 0.4181 0.0448 0.0463
0 0.2041 0.5541 0.0253 0.0744
0 0.5478 0.2992 0.0220 0.0443
0 0.4860 0.3081 0.0214 0.0453
0 0.3616 0.3465 0.0354 0.0484
0 0.2701 0.6609 0.0563 0.0316
0 0.5057 0.4525 0.0312 0.0453
0 0.7433 0.3334 0.0197 0.0463
0 0.6392 0.4520 0.0400 0.0432
0 0.9044 0.3668 0.0219 0.0502
0 0.5953 0.4474 0.0223 0.0589
0 0.6532 0.3444 0.0342 0.0473
0 0.3548 0.6506 0.0307 0.0673
0 0.8307 0.3308 0.0190 0.0493
0 0.6342 0.3895 0.0474 0.0425
0 0.8020 0.3159 0.0516 0.0281
0 0.5427 0.4202 0.0292 0.0517
0 0.4256 0.4479 0.0443 0.0469
0 0.5122 0.2612 0.0283 0.0487
0 0.3414 0.2614 0.0351 0.0369
0 0.8873 0.3134 0.0438 0.0330
0 0.3810 0.6040 0.0251 0.0690
0 0.4232 0.2739 0.0187 0.0256
0 0.3120 0.3606 0.0226 0.0547
0 0.6846 0.3287 0.0431 0.0395
0 0.5300 0.6456 0.0419 0.0408
0 0.3838 0.4612 0.0192 0.0639
0 0.6866 0.2899 0.0419 0.0350
0 0.6107 0.2653 0.0288 0.0296
0 0.4932 0.2719 0.0208 0.0292
0 0.5576 0.2663 0.0190 0.0245
