0 0.7049 0.2365 0.0488 0.0341
0 0.5471 0.2996 0.0256 0.0460
0 0.2012 0.5504 0.0257 0.0744
0 0.2712 0.6625 0.0539 0.0328
0 0.2904 0.4184 0.0466 0.0427
0 0.5056 0.4547 0.0323 0.0491
0 0.4856 0.3080 0.0213 0.0454
0 0.6551 0.3451 0.0373 0.0462
0 0.3603 0.3487 0.0362 0.0514
0 0.6352 0.4580 0.0331 0.0490
0 0.3689 0.6121 0.0337 0.0763
0 0.8303 0.3313 0.0195 0.0499
0 0.9051 0.3640 0.0227 0.0516
0 0.7436 0.3328 0.0190 0.0467
0 0.5960 0.4590 0.0226 0.0573
0 0.5120 0.2606 0.0324 0.0480
0 0.5426 0.4207 0.0266 0.0566
0 0.7991 0.3150 0.0489 0.0285
0 0.3125 0.3615 0.0227 0.0563
0 0.3871 0.5074 0.0421 0.0611
0 0.6308 0.3900 0.0440 0.0433
0 0.3426 0.2605 0.0375 0.0363
0 0.8853 0.3128 0.0424 0.0332
0 0.6873 0.3303 0.0379 0.0396
0 0.4221 0.2731 0.0173 0.0252
0 0.6891 0.2895 0.0412 0.0358
0 0.5316 0.6466 0.0465 0.0387
0 0.3550 0.5178 0.0192 0.0664
0 0.6104 0.2662 0.0315 0.0316
0 0.4928 0.2728 0.0218 0.0286
0 0.5575 0.2680 0.0200 0.0251
