0 0.7045 0.2378 0.0446 0.0365
0 0.5474 0.2992 0.0255 0.0439
0 0.5064 0.4548 0.0358 0.0472
0 0.4857 0.3077 0.0213 0.0458
0 0.2726 0.6648 0.0548 0.0287
0 0.6564 0.3458 0.0363 0.0455
0 0.3597 0.3510 0.0352 0.0517
0 0.8303 0.3312 0.0192 0.0501
0 0.3799 0.5926 0.0227 0.0782
0 0.6346 0.4602 0.0343 0.0505
0 0.7438 0.3327 0.0187 0.0469
0 0.3134 0.3616 0.0228 0.0579
0 0.6280 0.3904 0.0396 0.0527
0 0.5120 0.2607 0.0316 0.0488
0 0.1973 0.5384 0.0315 0.0658
0 0.9036 0.3608 0.0244 0.0501
0 0.2885 0.4174 0.0500 0.0369
0 0.5423 0.4216 0.0301 0.0565
0 0.3439 0.2605 0.0398 0.0351
0 0.8817 0.3119 0.0428 0.0317
0 0.7985 0.3156 0.0469 0.0272
0 0.6897 0.3337 0.0331 0.0420
0 0.9368 0.9369 0.0274 0.0752
0 0.5967 0.4666 0.0269 0.0531
0 0.4192 0.2741 0.0188 0.0247
0 0.6853 0.2904 0.0436 0.0374
0 0.3244 0.4956 0.0269 0.0622
0 0.5337 0.6491 0.0502 0.0356
0 0.6111 0.2656 0.0292 0.0299
0 0.4924 0.2731 0.0217 0.0291
0 0.3548 0.5643 0.0264 0.0556
