0 0.6246 0.3862 0.0358 0.0581
0 0.5471 0.2994 0.0261 0.0442
0 0.2050 0.5229 0.0280 0.0643
0 0.7045 0.2372 0.0434 0.0331
0 0.4855 0.3080 0.0217 0.0466
0 0.6569 0.3438 0.0359 0.0484
0 0.2725 0.6650 0.0542 0.0300
0 0.3894 0.5898 0.0282 0.0674
0 0.5054 0.4519 0.0326 0.0446
0 0.6345 0.4590 0.0334 0.0538
0 0.5942 0.4798 0.0225 0.0572
0 0.8801 0.3135 0.0414 0.0346
0 0.3459 0.2594 0.0462 0.0328
0 0.8306 0.3316 0.0196 0.0498
0 0.7437 0.3329 0.0190 0.0460
0 0.3125 0.3612 0.0238 0.0557
0 0.5120 0.2601 0.0326 0.0503
0 0.5417 0.4226 0.0303 0.0591
0 0.7995 0.3156 0.0504 0.0276
0 0.2885 0.4176 0.0505 0.0363
0 0.6920 0.3335 0.0318 0.0411
0 0.6841 0.2904 0.0470 0.0393
0 0.6119 0.2658 0.0332 0.0319
0 0.3896 0.6845 0.0450 0.0666
0 0.9042 0.3592 0.0233 0.0507
0 0.4181 0.2749 0.0177 0.0250
0 0.9359 0.9024 0.0259 0.0865
0 0.2888 0.5140 0.0218 0.0622
0 0.5375 0.6510 0.0475 0.0364
0 0.3567 0.3595 0.0264 0.0539
0 0.4924 0.2729 0.0227 0.0297
