0 0.5474 0.2996 0.0267 0.0455
0 0.7047 0.2372 0.0432 0.0343
0 0.6583 0.3444 0.0372 0.0492
0 0.6188 0.3812 0.0299 0.0566
0 0.4856 0.3081 0.0222 0.0464
0 0.5058 0.4519 0.0309 0.0453
0 0.2722 0.6642 0.0505 0.0366
0 0.7437 0.3335 0.0192 0.0475
0 0.3458 0.2586 0.0454 0.0319
0 0.3127 0.3628 0.0230 0.0539
0 0.8768 0.3117 0.0428 0.0324
0 0.8306 0.3314 0.0199 0.0503
0 0.2889 0.4183 0.0497 0.0370
0 0.5950 0.4959 0.0210 0.0615
0 0.8971 0.8751 0.0314 0.0699
0 0.5126 0.2598 0.0303 0.0498
0 0.6954 0.3353 0.0279 0.0445
0 0.8023 0.3157 0.0499 0.0287
0 0.5420 0.4240 0.0331 0.0553
0 0.3947 0.5914 0.0265 0.0677
0 0.6341 0.4607 0.0325 0.0565
0 0.2128 0.4978 0.0269 0.0678
0 0.6121 0.2656 0.0337 0.0326
0 0.2469 0.5526 0.0246 0.0657
0 0.4178 0.2750 0.0176 0.0235
0 0.5391 0.6549 0.0473 0.0408
0 0.9037 0.3589 0.0243 0.0510
0 0.3567 0.3608 0.0260 0.0558
0 0.6822 0.2896 0.0504 0.0370
0 0.4838 0.9152 0.0520 0.0712
0 0.4627 0.2702 0.0193 0.0263
0 0.4826 0.2714 0.0242 0.0310
