0 0.7045 0.2374 0.0450 0.0361
0 0.6158 0.3750 0.0326 0.0594
0 0.5472 0.2996 0.0260 0.0463
0 0.6570 0.3457 0.0354 0.0464
0 0.2259 0.4847 0.0248 0.0704
0 0.2731 0.6648 0.0477 0.0437
0 0.4853 0.3095 0.0210 0.0455
0 0.5865 0.5167 0.0242 0.0724
0 0.5058 0.4522 0.0298 0.0459
0 0.7438 0.3336 0.0189 0.0474
0 0.3891 0.5762 0.0264 0.0638
0 0.6940 0.3390 0.0242 0.0512
0 0.3124 0.3644 0.0223 0.0529
0 0.3447 0.2600 0.0448 0.0311
0 0.8746 0.3132 0.0422 0.0321
0 0.2891 0.4182 0.0482 0.0372
0 0.8305 0.3318 0.0207 0.0488
0 0.5126 0.2594 0.0301 0.0515
0 0.3592 0.3609 0.0250 0.0604
0 0.6337 0.4608 0.0327 0.0551
0 0.8013 0.3167 0.0488 0.0276
0 0.6155 0.2638 0.0305 0.0332
0 0.8316 0.8805 0.0277 0.0652
0 0.5419 0.4248 0.0336 0.0537
0 0.5401 0.6578 0.0475 0.0388
0 0.4189 0.2749 0.0184 0.0239
0 0.9012 0.3590 0.0290 0.0492
0 0.6829 0.2893 0.0533 0.0342
0 0.4819 0.2720 0.0250 0.0301
0 0.2179 0.5670 0.0306 0.0430
0 0.4629 0.2696 0.0254 0.0239
