0 0.7053 0.2400 0.0457 0.0329
0 0.6133 0.3691 0.0336 0.0608
0 0.6570 0.3452 0.0368 0.0476
0 0.5476 0.2996 0.0253 0.0450
0 0.2732 0.6638 0.0474 0.0471
0 0.5056 0.4530 0.0294 0.0484
0 0.7758 0.8757 0.0242 0.0702
0 0.4855 0.3093 0.0218 0.0436
0 0.6938 0.3386 0.0233 0.0538
0 0.7438 0.3337 0.0187 0.0470
0 0.8306 0.3318 0.0209 0.0487
0 0.8706 0.3138 0.0431 0.0299
0 0.3125 0.3647 0.0225 0.0508
0 0.2889 0.4178 0.0491 0.0381
0 0.6339 0.4605 0.0319 0.0527
0 0.3590 0.3638 0.0229 0.0585
0 0.3446 0.2595 0.0428 0.0309
0 0.5418 0.6626 0.0457 0.0448
0 0.2276 0.4667 0.0256 0.0683
0 0.5108 0.2577 0.0325 0.0519
0 0.8001 0.3162 0.0494 0.0286
0 0.5679 0.5806 0.0209 0.0641
0 0.6830 0.2889 0.0533 0.0309
0 0.3940 0.5726 0.0364 0.0630
0 0.4185 0.2747 0.0181 0.0244
0 0.5423 0.4246 0.0310 0.0579
0 0.4748 0.2714 0.0292 0.0309
0 0.9001 0.3556 0.0296 0.0537
0 0.6147 0.2607 0.0292 0.0322
0 0.1841 0.6235 0.0325 0.0382
0 0.3276 0.2888 0.0355 0.0272
