0 0.6564 0.3465 0.0377 0.0470
0 0.7054 0.2396 0.0452 0.0333
0 0.5471 0.2995 0.0262 0.0442
0 0.2730 0.6637 0.0456 0.0499
0 0.5060 0.4530 0.0279 0.0483
0 0.2294 0.4371 0.0315 0.0606
0 0.3964 0.5673 0.0326 0.0626
0 0.7439 0.3335 0.0188 0.0469
0 0.2890 0.4178 0.0473 0.0392
0 0.4852 0.3094 0.0209 0.0406
0 0.8313 0.3316 0.0206 0.0475
0 0.6949 0.3395 0.0210 0.0496
0 0.3447 0.2601 0.0428 0.0320
0 0.6331 0.4604 0.0299 0.0525
0 0.3133 0.3643 0.0224 0.0513
0 0.5412 0.6622 0.0477 0.0446
0 0.7547 0.8452 0.0227 0.0784
0 0.3586 0.3675 0.0222 0.0557
0 0.5115 0.2592 0.0282 0.0534
0 0.8010 0.3165 0.0499 0.0289
0 0.6139 0.2612 0.0406 0.0279
0 0.4732 0.2719 0.0316 0.0293
0 0.5424 0.4244 0.0310 0.0581
0 0.8676 0.3168 0.0419 0.0311
0 0.6089 0.3629 0.0325 0.0595
0 0.4188 0.2746 0.0188 0.0242
0 0.6815 0.2898 0.0489 0.0325
0 0.5384 0.7307 0.0202 0.0734
0 0.8981 0.3553 0.0317 0.0530
0 0.3275 0.2889 0.0343 0.0279
0 0.1313 0.7328 0.0371 0.0526
