0 0.6560 0.3461 0.0358 0.0459
0 0.3977 0.5579 0.0321 0.0668
0 0.7048 0.2379 0.0437 0.0353
0 0.6327 0.4562 0.0383 0.0461
0 0.5469 0.2991 0.0250 0.0460
0 0.2738 0.6635 0.0455 0.0524
0 0.2307 0.4067 0.0303 0.0630
0 0.5060 0.4557 0.0247 0.0508
0 0.2931 0.4150 0.0463 0.0356
0 0.6967 0.3401 0.0203 0.0494
0 0.4864 0.3079 0.0229 0.0396
0 0.8313 0.3297 0.0216 0.0481
0 0.7438 0.3327 0.0185 0.0484
0 0.3451 0.2587 0.0403 0.0338
0 0.7598 0.7984 0.0218 0.0679
0 0.3129 0.3634 0.0219 0.0466
0 0.5411 0.6642 0.0469 0.0432
0 0.7996 0.3156 0.0469 0.0284
0 0.6222 0.2631 0.0348 0.0285
0 0.6046 0.3591 0.0300 0.0588
0 0.5431 0.4254 0.0319 0.0572
0 0.6825 0.2895 0.0543 0.0303
0 0.3586 0.3718 0.0225 0.0525
0 0.4187 0.2745 0.0183 0.0237
0 0.5115 0.2562 0.0271 0.0559
0 0.4725 0.2718 0.0382 0.0307
0 0.5014 0.9714 0.0285 0.0574
0 0.8956 0.3551 0.0311 0.0503
0 0.0509 0.8545 0.0259 0.0606
0 0.8628 0.3180 0.0335 0.0281
0 0.8850 0.3415 0.0470 0.0481
0 0.3280 0.2889 0.0355 0.0277
0 0.4633 0.2696 0.0237 0.0273
