0 0.6577 0.3455 0.0379 0.0450
0 0.6310 0.4549 0.0443 0.0365
0 0.2730 0.6627 0.0433 0.0575
0 0.4025 0.5493 0.0349 0.0644
0 0.7054 0.2382 0.0415 0.0362
0 0.2932 0.4141 0.0486 0.0317
0 0.5473 0.2981 0.0238 0.0464
0 0.4869 0.3096 0.0230 0.0447
0 0.5055 0.4574 0.0225 0.0546
0 0.6973 0.3410 0.0222 0.0470
0 0.3598 0.3747 0.0211 0.0545
0 0.6026 0.3522 0.0293 0.0578
0 0.3448 0.2579 0.0417 0.0350
0 0.7439 0.3326 0.0184 0.0487
0 0.8010 0.3155 0.0480 0.0291
0 0.5411 0.6647 0.0452 0.0432
0 0.6272 0.2630 0.0306 0.0418
0 0.2337 0.3654 0.0219 0.0665
0 0.5430 0.4248 0.0286 0.0589
0 0.8315 0.3292 0.0219 0.0470
0 0.3129 0.3631 0.0223 0.0438
0 0.4700 0.2719 0.0365 0.0321
0 0.5123 0.2474 0.0234 0.0590
0 0.4181 0.2747 0.0175 0.0245
0 0.8950 0.3548 0.0327 0.0411
0 0.7838 0.7314 0.0296 0.0687
0 0.6817 0.2877 0.0524 0.0296
0 0.8609 0.3171 0.0350 0.0300
0 0.3279 0.2886 0.0356 0.0270
