0 0.4759 0.4011 0.0422 0.0430
0 0.2892 0.4235 0.0398 0.0568
0 0.2736 0.6469 0.0502 0.0460
0 0.3321 0.2707 0.0269 0.0530
0 0.4857 0.3096 0.0274 0.0440
0 0.8016 0.2716 0.0418 0.0598
0 0.4038 0.3115 0.0215 0.0573
0 0.7444 0.3322 0.0195 0.0531
0 0.7731 0.6755 0.0310 0.0777
0 0.5742 0.3612 0.0410 0.0346
0 0.5183 0.3118 0.0247 0.0500
0 0.8292 0.3293 0.0198 0.0503
0 0.5434 0.2983 0.0231 0.0425
0 0.7807 0.3322 0.0242 0.0539
0 0.4911 0.2732 0.0219 0.0276
0 0.5320 0.3451 0.0296 0.0547
0 0.4229 0.2750 0.0233 0.0303
0 0.6807 0.3356 0.0357 0.0508
0 0.6494 0.3058 0.0442 0.0374
0 0.8082 0.3546 0.0226 0.0586
0 0.5491 0.2653 0.0204 0.0220
0 0.6140 0.2644 0.0197 0.0275
