0 0.6584 0.3456 0.0370 0.0460
0 0.2742 0.6618 0.0404 0.0593
0 0.6303 0.4529 0.0433 0.0339
0 0.5996 0.3467 0.0281 0.0567
0 0.7054 0.2388 0.0377 0.0364
0 0.2927 0.4145 0.0505 0.0321
0 0.5472 0.2975 0.0245 0.0463
0 0.7007 0.3401 0.0217 0.0502
0 0.4060 0.5405 0.0310 0.0666
0 0.4873 0.3091 0.0229 0.0424
0 0.5418 0.6676 0.0440 0.0520
0 0.7440 0.3331 0.0183 0.0499
0 0.5053 0.4584 0.0212 0.0552
0 0.3597 0.3761 0.0216 0.0564
0 0.8126 0.6885 0.0298 0.0611
0 0.6275 0.2611 0.0307 0.0440
0 0.3451 0.2568 0.0472 0.0344
0 0.3136 0.3642 0.0227 0.0478
0 0.8315 0.3295 0.0217 0.0464
0 0.4722 0.2718 0.0384 0.0324
0 0.8044 0.3139 0.0472 0.0320
0 0.5417 0.4243 0.0219 0.0634
0 0.8882 0.3518 0.0423 0.0339
0 0.4178 0.2752 0.0182 0.0259
0 0.5132 0.2470 0.0250 0.0625
0 0.2358 0.3197 0.0221 0.0683
0 0.6816 0.2877 0.0570 0.0313
0 0.3280 0.2888 0.0369 0.0272
0 0.8443 0.3125 0.0438 0.0277
