0 0.6574 0.3462 0.0368 0.0489
0 0.2757 0.6619 0.0365 0.0658
0 0.5984 0.3390 0.0278 0.0579
0 0.2931 0.4156 0.0501 0.0352
0 0.5468 0.2979 0.0214 0.0472
0 0.3605 0.3795 0.0221 0.0574
0 0.7016 0.3409 0.0224 0.0488
0 0.6289 0.4508 0.0464 0.0291
0 0.4876 0.3095 0.0212 0.0437
0 0.7444 0.3332 0.0189 0.0503
0 0.6301 0.2581 0.0347 0.0445
0 0.3449 0.2594 0.0380 0.0370
0 0.5423 0.6705 0.0403 0.0566
0 0.5048 0.4594 0.0205 0.0593
0 0.8363 0.6509 0.0278 0.0564
0 0.8852 0.3532 0.0487 0.0358
0 0.5178 0.2430 0.0239 0.0586
0 0.7063 0.2436 0.0297 0.0357
0 0.8080 0.3130 0.0467 0.0312
0 0.4747 0.2702 0.0354 0.0339
0 0.5390 0.4241 0.0219 0.0596
0 0.3151 0.3622 0.0242 0.0480
0 0.8318 0.3316 0.0238 0.0422
0 0.4072 0.5332 0.0294 0.0597
0 0.2419 0.2924 0.0319 0.0657
0 0.4181 0.2744 0.0169 0.0248
0 0.6822 0.2870 0.0583 0.0305
0 0.8471 0.3143 0.0476 0.0334
