0 0.6566 0.3456 0.0347 0.0503
0 0.2753 0.6615 0.0334 0.0673
0 0.5969 0.3367 0.0265 0.0581
0 0.2928 0.4156 0.0504 0.0356
0 0.6283 0.4496 0.0476 0.0333
0 0.4088 0.5246 0.0278 0.0557
0 0.5472 0.2977 0.0207 0.0497
0 0.6324 0.2632 0.0395 0.0481
0 0.3598 0.3834 0.0227 0.0590
0 0.7042 0.3385 0.0258 0.0475
0 0.4872 0.3100 0.0202 0.0437
0 0.8790 0.3507 0.0503 0.0380
0 0.7448 0.3329 0.0180 0.0535
0 0.5401 0.6719 0.0332 0.0606
0 0.5189 0.2397 0.0257 0.0558
0 0.3447 0.2578 0.0395 0.0394
0 0.4795 0.2675 0.0276 0.0419
0 0.8110 0.3087 0.0458 0.0337
0 0.5402 0.4247 0.0251 0.0612
0 0.4183 0.2745 0.0177 0.0257
0 0.8308 0.3306 0.0230 0.0445
0 0.3166 0.3612 0.0240 0.0499
0 0.7069 0.2450 0.0254 0.0372
0 0.5042 0.4621 0.0211 0.0585
0 0.8539 0.6144 0.0183 0.0608
0 0.8474 0.3080 0.0351 0.0343
0 0.2535 0.2824 0.0230 0.0542
0 0.6960 0.2745 0.0345 0.0449
0 0.6708 0.2885 0.0420 0.0335
0 0.3274 0.2890 0.0320 0.0259
