0 0.2754 0.6612 0.0309 0.0688
0 0.6289 0.4495 0.0460 0.0419
0 0.2922 0.4165 0.0476 0.0365
0 0.5471 0.2993 0.0223 0.0454
0 0.5939 0.3322 0.0225 0.0599
0 0.8772 0.3499 0.0498 0.0353
0 0.4107 0.5200 0.0266 0.0646
0 0.4877 0.3087 0.0210 0.0462
0 0.6548 0.3432 0.0284 0.0565
0 0.7449 0.3332 0.0182 0.0536
0 0.3433 0.2608 0.0363 0.0458
0 0.5218 0.2361 0.0272 0.0460
0 0.4798 0.2660 0.0374 0.0402
0 0.7080 0.3386 0.0247 0.0502
0 0.3601 0.3896 0.0227 0.0586
0 0.3175 0.3636 0.0231 0.0509
0 0.5045 0.4660 0.0252 0.0542
0 0.8697 0.6024 0.0251 0.0619
0 0.4171 0.2744 0.0170 0.0256
0 0.5413 0.4257 0.0283 0.0601
0 0.2630 0.2937 0.0234 0.0652
0 0.8301 0.3297 0.0226 0.0511
0 0.5396 0.6733 0.0303 0.0657
0 0.7084 0.2458 0.0254 0.0385
0 0.6673 0.2915 0.0340 0.0422
0 0.8122 0.3081 0.0405 0.0330
0 0.6172 0.2734 0.0193 0.0402
0 0.6975 0.2770 0.0332 0.0436
0 0.8330 0.3098 0.0397 0.0428
0 0.5540 0.2680 0.0153 0.0283
