0 0.2754 0.6603 0.0300 0.0715
0 0.6570 0.3445 0.0272 0.0526
0 0.6277 0.4480 0.0434 0.0437
0 0.2921 0.4169 0.0474 0.0378
0 0.3433 0.2624 0.0367 0.0467
0 0.4186 0.5065 0.0338 0.0667
0 0.5462 0.2999 0.0228 0.0446
0 0.5906 0.3282 0.0238 0.0562
0 0.2698 0.3064 0.0268 0.0626
0 0.7454 0.3333 0.0186 0.0530
0 0.4874 0.3099 0.0199 0.0424
0 0.5030 0.4689 0.0275 0.0556
0 0.8750 0.3492 0.0482 0.0361
0 0.4798 0.2645 0.0345 0.0435
0 0.7081 0.3384 0.0275 0.0469
0 0.5209 0.2383 0.0265 0.0467
0 0.3185 0.3625 0.0250 0.0511
0 0.8551 0.6212 0.0284 0.0596
0 0.4170 0.2746 0.0173 0.0254
0 0.5409 0.4262 0.0284 0.0599
0 0.3613 0.3913 0.0226 0.0595
0 0.8298 0.3295 0.0230 0.0524
0 0.6169 0.2714 0.0206 0.0365
0 0.7082 0.2462 0.0257 0.0360
0 0.8154 0.3078 0.0437 0.0346
0 0.5392 0.6749 0.0231 0.0700
0 0.5918 0.2652 0.0259 0.0228
0 0.6906 0.2787 0.0440 0.0338
0 0.5518 0.2677 0.0179 0.0258
0 0.5086 0.2709 0.0277 0.0408
0 0.6713 0.2874 0.0381 0.0336
0 0.8284 0.3111 0.0390 0.0440
