0 0.6253 0.4444 0.0449 0.0471
0 0.6576 0.3448 0.0272 0.0533
0 0.2767 0.6581 0.0265 0.0720
0 0.2917 0.4170 0.0480 0.0373
0 0.5459 0.2996 0.0229 0.0435
0 0.4169 0.5032 0.0320 0.0685
0 0.5906 0.3262 0.0237 0.0572
0 0.3432 0.2597 0.0409 0.0449
0 0.2788 0.3351 0.0318 0.0629
0 0.7451 0.3335 0.0206 0.0530
0 0.4871 0.3105 0.0204 0.0415
0 0.3623 0.3960 0.0243 0.0619
0 0.8731 0.3495 0.0477 0.0347
0 0.5197 0.2382 0.0284 0.0484
0 0.4807 0.2635 0.0349 0.0435
0 0.3177 0.3624 0.0272 0.0527
0 0.8304 0.3281 0.0222 0.0566
0 0.4163 0.2747 0.0171 0.0261
0 0.7110 0.3374 0.0299 0.0481
0 0.5017 0.4722 0.0308 0.0556
0 0.5407 0.4264 0.0304 0.0586
0 0.5378 0.6828 0.0207 0.0662
0 0.7077 0.2467 0.0271 0.0427
0 0.6161 0.2708 0.0192 0.0354
0 0.8124 0.3061 0.0395 0.0300
0 0.8031 0.6411 0.0332 0.0644
0 0.5915 0.2667 0.0264 0.0234
0 0.6666 0.2881 0.0375 0.0345
0 0.6984 0.2689 0.0349 0.0421
0 0.5512 0.2682 0.0184 0.0247
0 0.8341 0.3106 0.0367 0.0433
0 0.5098 0.2700 0.0275 0.0406
