0 0.6241 0.4424 0.0418 0.0538
0 0.6581 0.3428 0.0257 0.0526
0 0.2804 0.3668 0.0293 0.0646
0 0.7372 0.3338 0.0342 0.0493
0 0.3643 0.4024 0.0226 0.0574
0 0.5459 0.2984 0.0234 0.0449
0 0.2775 0.6574 0.0258 0.0697
0 0.2904 0.4175 0.0456 0.0400
0 0.4873 0.3100 0.0202 0.0435
0 0.4182 0.4938 0.0295 0.0683
0 0.3434 0.2594 0.0381 0.0439
0 0.4784 0.2618 0.0395 0.0425
0 0.4971 0.4774 0.0371 0.0514
0 0.8680 0.3498 0.0455 0.0379
0 0.5224 0.2392 0.0305 0.0508
0 0.8305 0.3275 0.0238 0.0594
0 0.4157 0.2747 0.0167 0.0261
0 0.3198 0.3623 0.0235 0.0502
0 0.5862 0.2674 0.0265 0.0262
0 0.5375 0.6853 0.0204 0.0675
0 0.6648 0.2901 0.0360 0.0348
0 0.5914 0.3229 0.0227 0.0580
0 0.5403 0.4266 0.0276 0.0570
0 0.7076 0.2525 0.0241 0.0553
0 0.6150 0.2712 0.0189 0.0350
0 0.5102 0.2622 0.0295 0.0435
0 0.8158 0.3059 0.0394 0.0293
0 0.8297 0.3103 0.0393 0.0405
