0 0.6226 0.4393 0.0405 0.0529
0 0.4202 0.4815 0.0280 0.0641
0 0.6586 0.3428 0.0299 0.0543
0 0.2769 0.6551 0.0262 0.0691
0 0.5460 0.2979 0.0235 0.0465
0 0.7302 0.3338 0.0400 0.0511
0 0.4929 0.4814 0.0425 0.0468
0 0.3644 0.4030 0.0221 0.0590
0 0.2943 0.4169 0.0442 0.0459
0 0.3435 0.2597 0.0377 0.0434
0 0.4872 0.3100 0.0207 0.0434
0 0.5215 0.2400 0.0331 0.0481
0 0.4800 0.2632 0.0347 0.0406
0 0.5386 0.6991 0.0202 0.0679
0 0.8315 0.3295 0.0249 0.0538
0 0.8644 0.3499 0.0401 0.0400
0 0.6922 0.6883 0.0291 0.0555
0 0.4164 0.2748 0.0168 0.0260
0 0.6634 0.2915 0.0370 0.0352
0 0.5911 0.3195 0.0259 0.0562
0 0.5877 0.2680 0.0304 0.0273
0 0.3003 0.3661 0.0310 0.0549
0 0.5387 0.4297 0.0236 0.0544
0 0.2845 0.3807 0.0278 0.0671
0 0.7076 0.2531 0.0254 0.0528
0 0.8179 0.3030 0.0396 0.0311
0 0.8289 0.3052 0.0452 0.0344
0 0.6138 0.2721 0.0200 0.0352
