0 0.6227 0.4378 0.0412 0.0534
0 0.6590 0.3434 0.0340 0.0506
0 0.2766 0.6543 0.0258 0.0679
0 0.4218 0.4739 0.0269 0.0641
0 0.4915 0.4815 0.0447 0.0422
0 0.7329 0.3335 0.0380 0.0503
0 0.3640 0.4051 0.0209 0.0571
0 0.5461 0.3000 0.0269 0.0433
0 0.4880 0.3092 0.0212 0.0450
0 0.4776 0.2640 0.0356 0.0443
0 0.3428 0.2604 0.0373 0.0410
0 0.3007 0.3725 0.0312 0.0577
0 0.8286 0.3305 0.0234 0.0487
0 0.2910 0.4153 0.0358 0.0542
0 0.6631 0.2944 0.0439 0.0395
0 0.5904 0.3189 0.0233 0.0536
0 0.5389 0.7100 0.0209 0.0662
0 0.5873 0.2720 0.0258 0.0306
0 0.6482 0.6844 0.0359 0.0626
0 0.4168 0.2748 0.0166 0.0259
0 0.5386 0.4306 0.0246 0.0512
0 0.8298 0.2984 0.0493 0.0291
0 0.8603 0.3494 0.0377 0.0440
0 0.5198 0.2706 0.0455 0.0333
0 0.7076 0.2545 0.0253 0.0590
0 0.5513 0.2647 0.0296 0.0231
0 0.6138 0.2725 0.0209 0.0383
