0 0.6214 0.4349 0.0414 0.0548
0 0.4897 0.4819 0.0436 0.0422
0 0.6599 0.3460 0.0369 0.0496
0 0.2772 0.6521 0.0280 0.0675
0 0.3644 0.4064 0.0211 0.0600
0 0.4789 0.2615 0.0426 0.0433
0 0.7349 0.3329 0.0358 0.0495
0 0.4889 0.3089 0.0217 0.0482
0 0.3028 0.3781 0.0378 0.0550
0 0.3439 0.2623 0.0339 0.0434
0 0.8343 0.2970 0.0502 0.0302
0 0.2938 0.4195 0.0420 0.0454
0 0.5458 0.2996 0.0244 0.0452
0 0.8285 0.3308 0.0262 0.0472
0 0.5913 0.3145 0.0210 0.0566
0 0.4225 0.4664 0.0276 0.0638
0 0.6192 0.6647 0.0230 0.0704
0 0.5382 0.7202 0.0199 0.0680
0 0.6588 0.2934 0.0436 0.0359
0 0.4175 0.2743 0.0173 0.0257
0 0.5382 0.4316 0.0239 0.0493
0 0.5877 0.2719 0.0268 0.0294
0 0.8607 0.3605 0.0387 0.0267
0 0.7081 0.2534 0.0262 0.0535
0 0.6125 0.2725 0.0218 0.0362
0 0.5578 0.2684 0.0228 0.0225
0 0.8581 0.3425 0.0295 0.0472
