0 0.4805 0.4050 0.0441 0.0461
0 0.2893 0.4237 0.0406 0.0571
0 0.2725 0.6473 0.0470 0.0480
0 0.3321 0.2707 0.0267 0.0570
0 0.7808 0.6614 0.0336 0.0754
0 0.7440 0.3326 0.0200 0.0519
0 0.4022 0.3099 0.0215 0.0550
0 0.4857 0.3093 0.0270 0.0440
0 0.5437 0.2985 0.0217 0.0418
0 0.5739 0.3613 0.0397 0.0346
0 0.4893 0.2731 0.0213 0.0272
0 0.7800 0.3323 0.0224 0.0553
0 0.5306 0.3388 0.0326 0.0578
0 0.3256 0.8834 0.0221 0.0808
0 0.8087 0.3547 0.0193 0.0607
0 0.4221 0.2758 0.0260 0.0295
0 0.6496 0.3029 0.0422 0.0369
0 0.7914 0.2946 0.0430 0.0300
0 0.8433 0.3263 0.0416 0.0469
0 0.6804 0.3361 0.0338 0.0458
0 0.2882 0.9172 0.0238 0.0824
0 0.5173 0.3165 0.0271 0.0502
0 0.6140 0.2656 0.0212 0.0284
0 0.5495 0.2637 0.0210 0.0217
