0 0.6616 0.3452 0.0351 0.0466
0 0.4873 0.4830 0.0443 0.0374
0 0.2766 0.6507 0.0270 0.0697
0 0.3642 0.4070 0.0212 0.0596
0 0.7360 0.3331 0.0342 0.0479
0 0.6193 0.4315 0.0393 0.0537
0 0.5910 0.3115 0.0194 0.0598
0 0.5454 0.2996 0.0242 0.0385
0 0.4884 0.3088 0.0203 0.0454
0 0.3038 0.3804 0.0353 0.0598
0 0.8358 0.2967 0.0489 0.0322
0 0.4251 0.4592 0.0261 0.0665
0 0.3439 0.2614 0.0314 0.0420
0 0.8292 0.3324 0.0254 0.0497
0 0.4805 0.2655 0.0404 0.0323
0 0.6563 0.2941 0.0428 0.0364
0 0.6021 0.6194 0.0178 0.0690
0 0.2943 0.4182 0.0390 0.0452
0 0.4177 0.2748 0.0172 0.0253
0 0.5373 0.7273 0.0225 0.0678
0 0.7087 0.2541 0.0307 0.0498
0 0.5372 0.4312 0.0210 0.0504
0 0.5862 0.2709 0.0263 0.0274
0 0.6148 0.2696 0.0230 0.0343
0 0.8583 0.3638 0.0370 0.0313
0 0.6136 0.3640 0.0459 0.0386
