0 0.6639 0.3458 0.0418 0.0448
0 0.3645 0.4053 0.0266 0.0539
0 0.4838 0.4846 0.0489 0.0338
0 0.2762 0.6495 0.0266 0.0711
0 0.7342 0.3329 0.0376 0.0467
0 0.4887 0.3090 0.0204 0.0450
0 0.3056 0.3810 0.0374 0.0582
0 0.5453 0.3000 0.0244 0.0375
0 0.5923 0.3116 0.0197 0.0540
0 0.8303 0.3323 0.0259 0.0497
0 0.3431 0.2624 0.0316 0.0429
0 0.4803 0.2658 0.0419 0.0321
0 0.5382 0.7377 0.0236 0.0720
0 0.6180 0.4266 0.0401 0.0567
0 0.8378 0.2971 0.0498 0.0299
0 0.6043 0.5792 0.0202 0.0678
0 0.2944 0.4188 0.0432 0.0452
0 0.6878 0.4220 0.0485 0.0435
0 0.4269 0.4537 0.0275 0.0670
0 0.8548 0.3666 0.0396 0.0410
0 0.4177 0.2748 0.0172 0.0251
0 0.6520 0.2943 0.0417 0.0348
0 0.7085 0.2536 0.0336 0.0452
0 0.5833 0.2723 0.0264 0.0292
0 0.6158 0.2702 0.0230 0.0359
0 0.5370 0.4301 0.0196 0.0543
0 0.5615 0.2693 0.0259 0.0214
