0 0.6163 0.4230 0.0388 0.0592
0 0.6646 0.3457 0.0407 0.0453
0 0.4799 0.4848 0.0509 0.0300
0 0.3670 0.4045 0.0312 0.0545
0 0.2757 0.6480 0.0274 0.0716
0 0.7308 0.3329 0.0424 0.0478
0 0.3084 0.3773 0.0318 0.0612
0 0.5450 0.3004 0.0242 0.0384
0 0.3423 0.2634 0.0266 0.0491
0 0.2946 0.4210 0.0438 0.0470
0 0.5947 0.3102 0.0209 0.0496
0 0.4884 0.3093 0.0204 0.0437
0 0.4810 0.2674 0.0412 0.0319
0 0.5993 0.5533 0.0254 0.0724
0 0.8291 0.3319 0.0238 0.0522
0 0.8527 0.3706 0.0386 0.0407
0 0.5391 0.7465 0.0275 0.0726
0 0.7675 0.9697 0.0371 0.0622
0 0.5827 0.2731 0.0256 0.0309
0 0.4267 0.4461 0.0270 0.0690
0 0.8382 0.3004 0.0451 0.0343
0 0.6502 0.2943 0.0447 0.0372
0 0.4180 0.2748 0.0173 0.0247
0 0.7083 0.2526 0.0348 0.0467
0 0.6168 0.2684 0.0220 0.0314
0 0.7522 0.5320 0.0443 0.0461
0 0.5369 0.4304 0.0188 0.0529
