0 0.6145 0.4196 0.0402 0.0554
0 0.6660 0.3456 0.0393 0.0434
0 0.3683 0.4023 0.0342 0.0522
0 0.5963 0.3074 0.0203 0.0510
0 0.2934 0.4227 0.0439 0.0437
0 0.7310 0.3325 0.0377 0.0473
0 0.5452 0.3001 0.0246 0.0359
0 0.3425 0.2615 0.0285 0.0479
0 0.4885 0.3095 0.0201 0.0440
0 0.4805 0.2682 0.0406 0.0313
0 0.3132 0.3765 0.0305 0.0544
0 0.2756 0.6469 0.0261 0.0695
0 0.4783 0.4866 0.0467 0.0277
0 0.8485 0.3753 0.0372 0.0387
0 0.8283 0.3343 0.0237 0.0502
0 0.8429 0.3009 0.0426 0.0391
0 0.5433 0.7520 0.0240 0.0755
0 0.7163 0.9460 0.0354 0.0777
0 0.4179 0.2749 0.0169 0.0246
0 0.4296 0.4365 0.0275 0.0615
0 0.6469 0.2978 0.0397 0.0356
0 0.7071 0.2529 0.0356 0.0480
0 0.8163 0.7555 0.0442 0.0858
0 0.5837 0.2715 0.0330 0.0261
0 0.5563 0.5316 0.0284 0.0551
0 0.5342 0.4263 0.0195 0.0609
0 0.6164 0.2683 0.0205 0.0299
0 0.5598 0.2686 0.0262 0.0204
