0 0.6137 0.4183 0.0380 0.0571
0 0.6670 0.3443 0.0401 0.0408
0 0.3692 0.4035 0.0386 0.0444
0 0.3166 0.3706 0.0320 0.0571
0 0.5458 0.2991 0.0248 0.0408
0 0.4753 0.4871 0.0509 0.0291
0 0.7338 0.3319 0.0365 0.0446
0 0.5969 0.3072 0.0222 0.0492
0 0.2937 0.4235 0.0490 0.0380
0 0.4884 0.3093 0.0197 0.0442
0 0.8450 0.3802 0.0366 0.0409
0 0.4802 0.2673 0.0350 0.0344
0 0.2758 0.6462 0.0256 0.0706
0 0.3439 0.2577 0.0290 0.0502
0 0.6871 0.9330 0.0382 0.0729
0 0.5409 0.7537 0.0298 0.0635
0 0.8427 0.3010 0.0407 0.0370
0 0.8283 0.3333 0.0256 0.0474
0 0.5063 0.5304 0.0281 0.0551
0 0.4173 0.2751 0.0167 0.0252
0 0.7057 0.2545 0.0270 0.0494
0 0.4322 0.4270 0.0209 0.0600
0 0.5867 0.2724 0.0286 0.0272
0 0.5341 0.4318 0.0218 0.0597
0 0.6453 0.2993 0.0378 0.0346
0 0.6158 0.2692 0.0205 0.0299
0 0.5577 0.2692 0.0251 0.0209
