0 0.6659 0.3448 0.0399 0.0450
0 0.6125 0.4149 0.0354 0.0604
0 0.2932 0.4233 0.0488 0.0370
0 0.4752 0.4884 0.0508 0.0278
0 0.8420 0.3846 0.0382 0.0420
0 0.3695 0.4021 0.0399 0.0389
0 0.5456 0.2993 0.0249 0.0393
0 0.5962 0.3055 0.0222 0.0493
0 0.7346 0.3327 0.0363 0.0455
0 0.4882 0.3092 0.0195 0.0445
0 0.5396 0.7548 0.0372 0.0591
0 0.3248 0.3667 0.0258 0.0550
0 0.3415 0.2597 0.0303 0.0530
0 0.4815 0.2666 0.0406 0.0329
0 0.4324 0.4250 0.0224 0.0623
0 0.8275 0.3332 0.0244 0.0500
0 0.2763 0.6462 0.0247 0.0697
0 0.6825 0.9247 0.0378 0.0716
0 0.4175 0.2751 0.0164 0.0250
0 0.8474 0.3017 0.0342 0.0455
0 0.4729 0.5418 0.0240 0.0582
0 0.7054 0.2538 0.0271 0.0493
0 0.5824 0.2729 0.0362 0.0277
0 0.6412 0.2987 0.0339 0.0372
0 0.5343 0.4322 0.0206 0.0600
0 0.6151 0.2688 0.0224 0.0299
0 0.5629 0.2681 0.0312 0.0210
