0 0.6656 0.3451 0.0412 0.0446
0 0.3723 0.4021 0.0444 0.0402
0 0.2924 0.4235 0.0475 0.0379
0 0.4321 0.4181 0.0254 0.0612
0 0.5459 0.2988 0.0260 0.0399
0 0.5967 0.3015 0.0229 0.0507
0 0.7322 0.3353 0.0392 0.0486
0 0.6102 0.4088 0.0344 0.0579
0 0.4885 0.3087 0.0201 0.0432
0 0.4743 0.4864 0.0512 0.0259
0 0.5385 0.7609 0.0421 0.0490
0 0.3425 0.2606 0.0257 0.0505
0 0.8256 0.3326 0.0238 0.0503
0 0.4799 0.2658 0.0397 0.0328
0 0.7044 0.9012 0.0323 0.0752
0 0.2771 0.6465 0.0220 0.0684
0 0.4173 0.2753 0.0167 0.0251
0 0.8474 0.3037 0.0333 0.0444
0 0.4629 0.5930 0.0263 0.0612
0 0.3202 0.3629 0.0263 0.0578
0 0.8392 0.3906 0.0396 0.0342
0 0.6400 0.3021 0.0439 0.0359
0 0.7075 0.2475 0.0237 0.0394
0 0.5343 0.4325 0.0199 0.0597
0 0.5806 0.2704 0.0312 0.0246
0 0.6162 0.2687 0.0196 0.0301
0 0.5602 0.2668 0.0303 0.0209
