0 0.6651 0.3457 0.0431 0.0451
0 0.2925 0.4230 0.0484 0.0367
0 0.4888 0.3091 0.0213 0.0466
0 0.4347 0.4114 0.0278 0.0606
0 0.5974 0.3001 0.0233 0.0490
0 0.3744 0.4009 0.0456 0.0383
0 0.4736 0.4872 0.0519 0.0259
0 0.5460 0.2985 0.0252 0.0414
0 0.4796 0.2649 0.0406 0.0353
0 0.5400 0.7697 0.0440 0.0461
0 0.3400 0.2615 0.0266 0.0553
0 0.6092 0.4063 0.0347 0.0595
0 0.8242 0.3304 0.0237 0.0530
0 0.7434 0.3328 0.0236 0.0476
0 0.2775 0.6464 0.0217 0.0695
0 0.3248 0.3612 0.0325 0.0568
0 0.7179 0.8653 0.0306 0.0702
0 0.4899 0.6745 0.0337 0.0660
0 0.4172 0.2755 0.0166 0.0251
0 0.8387 0.3956 0.0402 0.0371
0 0.8458 0.3043 0.0353 0.0385
0 0.6396 0.3016 0.0431 0.0365
0 0.7053 0.2540 0.0279 0.0537
0 0.5755 0.2715 0.0276 0.0289
0 0.5342 0.4332 0.0202 0.0589
0 0.7127 0.3359 0.0252 0.0426
0 0.6173 0.2667 0.0185 0.0281
0 0.4207 0.9812 0.0388 0.0426
0 0.5650 0.2692 0.0326 0.0233
