0 0.6643 0.3468 0.0439 0.0443
0 0.4890 0.3094 0.0204 0.0467
0 0.4339 0.4055 0.0234 0.0620
0 0.5976 0.3012 0.0230 0.0487
0 0.5459 0.2986 0.0255 0.0418
0 0.3755 0.4007 0.0465 0.0352
0 0.2920 0.4232 0.0496 0.0343
0 0.8351 0.3992 0.0391 0.0376
0 0.4723 0.4878 0.0538 0.0246
0 0.4797 0.2637 0.0428 0.0327
0 0.3395 0.2613 0.0270 0.0556
0 0.7445 0.3332 0.0216 0.0492
0 0.6089 0.4029 0.0332 0.0594
0 0.3989 0.9007 0.0276 0.0903
0 0.8239 0.3298 0.0240 0.0508
0 0.2777 0.6462 0.0224 0.0701
0 0.5342 0.7436 0.0334 0.0699
0 0.7090 0.8171 0.0300 0.0776
0 0.4172 0.2756 0.0162 0.0247
0 0.5314 0.8009 0.0414 0.0451
0 0.3277 0.3598 0.0276 0.0597
0 0.8491 0.3046 0.0396 0.0348
0 0.6389 0.3013 0.0420 0.0378
0 0.7121 0.3394 0.0253 0.0431
0 0.5342 0.4329 0.0205 0.0576
0 0.7040 0.2533 0.0298 0.0468
0 0.5771 0.2728 0.0290 0.0281
0 0.6156 0.2666 0.0199 0.0271
