0 0.6643 0.3468 0.0431 0.0443
0 0.4889 0.3090 0.0213 0.0467
0 0.2930 0.4229 0.0510 0.0332
0 0.5459 0.2983 0.0252 0.0427
0 0.8316 0.4002 0.0394 0.0358
0 0.4791 0.2647 0.0430 0.0350
0 0.7432 0.3359 0.0231 0.0528
0 0.3767 0.4009 0.0478 0.0295
0 0.5977 0.2995 0.0253 0.0474
0 0.3403 0.2600 0.0257 0.0536
0 0.4355 0.3973 0.0234 0.0614
0 0.3865 0.8367 0.0245 0.0914
0 0.4721 0.4882 0.0527 0.0258
0 0.8249 0.3297 0.0241 0.0473
0 0.6051 0.3982 0.0327 0.0606
0 0.2779 0.6461 0.0232 0.0703
0 0.5737 0.7915 0.0221 0.0778
0 0.3270 0.3615 0.0274 0.0590
0 0.7051 0.7421 0.0333 0.0675
0 0.5334 0.4340 0.0209 0.0551
0 0.4169 0.2756 0.0159 0.0247
0 0.6355 0.3007 0.0368 0.0401
0 0.5173 0.8594 0.0454 0.0447
0 0.7034 0.2543 0.0322 0.0454
0 0.6147 0.2687 0.0211 0.0287
0 0.5742 0.2724 0.0252 0.0299
0 0.8508 0.3066 0.0531 0.0310
0 0.7138 0.3505 0.0283 0.0462
0 0.5678 0.2697 0.0309 0.0254
