0 0.8735 0.3447 0.0350 0.0600
0 0.4855 0.4076 0.0464 0.0399
0 0.2895 0.4239 0.0403 0.0572
0 0.2722 0.6488 0.0466 0.0488
0 0.4022 0.3071 0.0222 0.0579
0 0.7771 0.6334 0.0325 0.0742
0 0.3312 0.2710 0.0277 0.0566
0 0.7439 0.3329 0.0209 0.0524
0 0.5440 0.2990 0.0215 0.0424
0 0.4850 0.3091 0.0256 0.0443
0 0.5202 0.3319 0.0310 0.0549
0 0.5739 0.3611 0.0402 0.0351
0 0.7786 0.3332 0.0247 0.0521
0 0.4884 0.2734 0.0220 0.0274
0 0.6534 0.3024 0.0398 0.0413
0 0.8082 0.3530 0.0206 0.0565
0 0.8012 0.2949 0.0535 0.0278
0 0.8290 0.3262 0.0218 0.0528
0 0.2287 0.7900 0.0264 0.0741
0 0.4213 0.2750 0.0228 0.0305
0 0.6768 0.3341 0.0341 0.0453
0 0.3551 0.7580 0.0242 0.0791
0 0.3891 0.2736 0.0213 0.0240
0 0.5496 0.2635 0.0209 0.0212
0 0.6152 0.2699 0.0220 0.0341
