0 0.6652 0.3470 0.0415 0.0459
0 0.4889 0.3092 0.0209 0.0461
0 0.5465 0.2982 0.0260 0.0417
0 0.3771 0.4006 0.0474 0.0303
0 0.4798 0.2648 0.0403 0.0355
0 0.2926 0.4221 0.0511 0.0297
0 0.7435 0.3344 0.0229 0.0496
0 0.5965 0.2952 0.0226 0.0494
0 0.4721 0.4882 0.0549 0.0254
0 0.4353 0.3905 0.0222 0.0619
0 0.8254 0.3297 0.0252 0.0473
0 0.2778 0.6460 0.0236 0.0714
0 0.8295 0.4072 0.0414 0.0304
0 0.3398 0.2578 0.0266 0.0511
0 0.6044 0.3953 0.0311 0.0589
0 0.3273 0.3628 0.0292 0.0561
0 0.6367 0.3006 0.0379 0.0379
0 0.3945 0.8159 0.0261 0.1021
0 0.5335 0.4348 0.0212 0.0535
0 0.4170 0.2755 0.0161 0.0245
0 0.6331 0.8250 0.0300 0.0751
0 0.6899 0.6721 0.0364 0.0697
0 0.5016 0.9322 0.0520 0.0374
0 0.7032 0.2537 0.0304 0.0458
0 0.7136 0.3510 0.0286 0.0466
0 0.5674 0.2707 0.0291 0.0257
0 0.8634 0.3038 0.0378 0.0289
0 0.6150 0.2687 0.0208 0.0291
0 0.5749 0.2724 0.0283 0.0293
