0 0.6653 0.3470 0.0406 0.0456
0 0.4349 0.3833 0.0224 0.0586
0 0.4889 0.3091 0.0209 0.0452
0 0.5461 0.2979 0.0249 0.0432
0 0.3785 0.3989 0.0500 0.0302
0 0.2932 0.4225 0.0530 0.0271
0 0.4791 0.2646 0.0423 0.0329
0 0.8256 0.3301 0.0256 0.0466
0 0.8290 0.4107 0.0423 0.0322
0 0.7425 0.3350 0.0253 0.0476
0 0.5946 0.2940 0.0234 0.0486
0 0.6033 0.3898 0.0317 0.0604
0 0.4714 0.4889 0.0535 0.0262
0 0.2776 0.6454 0.0245 0.0705
0 0.3283 0.3688 0.0309 0.0449
0 0.6334 0.3016 0.0367 0.0355
0 0.4157 0.8256 0.0270 0.0895
0 0.4961 0.9803 0.0535 0.0398
0 0.7085 0.8720 0.0301 0.0719
0 0.3401 0.2556 0.0271 0.0643
0 0.5337 0.4365 0.0215 0.0548
0 0.4167 0.2752 0.0163 0.0246
0 0.6657 0.6375 0.0298 0.0680
0 0.3252 0.3476 0.0284 0.0468
0 0.7032 0.2531 0.0320 0.0447
0 0.4349 0.9621 0.0297 0.0720
0 0.8648 0.3019 0.0533 0.0260
0 0.6156 0.2696 0.0208 0.0323
0 0.5655 0.2692 0.0293 0.0231
0 0.7136 0.3529 0.0308 0.0450
