0 0.6654 0.3459 0.0385 0.0449
0 0.4339 0.3780 0.0214 0.0582
0 0.5458 0.2984 0.0260 0.0426
0 0.4779 0.2643 0.0469 0.0351
0 0.4891 0.3088 0.0196 0.0449
0 0.6026 0.3874 0.0315 0.0603
0 0.2931 0.4224 0.0539 0.0266
0 0.8259 0.3305 0.0253 0.0495
0 0.4187 0.8177 0.0285 0.0852
0 0.5055 0.9801 0.0523 0.0412
0 0.7445 0.3316 0.0199 0.0489
0 0.6277 0.6378 0.0349 0.0744
0 0.4708 0.4911 0.0512 0.0263
0 0.3785 0.3975 0.0461 0.0318
0 0.4525 0.8795 0.0292 0.0888
0 0.8258 0.4156 0.0356 0.0382
0 0.7828 0.9137 0.0371 0.0644
0 0.3277 0.3405 0.0286 0.0433
0 0.3273 0.3698 0.0330 0.0418
0 0.1820 0.9320 0.0509 0.0649
0 0.6337 0.3010 0.0352 0.0356
0 0.5945 0.2903 0.0277 0.0446
0 0.2780 0.6410 0.0246 0.0735
0 0.5339 0.4366 0.0220 0.0550
0 0.4171 0.2754 0.0158 0.0244
0 0.8688 0.3005 0.0515 0.0270
0 0.7038 0.2474 0.0320 0.0356
0 0.3403 0.2548 0.0236 0.0742
0 0.7130 0.3544 0.0313 0.0417
0 0.6139 0.2703 0.0230 0.0326
0 0.5647 0.2686 0.0254 0.0214
0 0.6013 0.2814 0.0246 0.0436
