0 0.6658 0.3459 0.0362 0.0458
0 0.4355 0.3774 0.0214 0.0589
0 0.6005 0.3794 0.0322 0.0622
0 0.4891 0.3083 0.0215 0.0472
0 0.4769 0.2652 0.0418 0.0378
0 0.2930 0.4221 0.0538 0.0263
0 0.8261 0.3309 0.0254 0.0526
0 0.5449 0.2988 0.0249 0.0402
0 0.4946 0.8024 0.0350 0.0909
0 0.3296 0.3369 0.0256 0.0452
0 0.7442 0.3308 0.0214 0.0484
0 0.6298 0.3016 0.0452 0.0342
0 0.3804 0.3964 0.0461 0.0350
0 0.5218 0.9816 0.0413 0.0422
0 0.8256 0.4193 0.0325 0.0442
0 0.2786 0.6407 0.0250 0.0716
0 0.7025 0.2553 0.0274 0.0537
0 0.5331 0.4367 0.0223 0.0542
0 0.4693 0.4907 0.0515 0.0274
0 0.4058 0.7902 0.0245 0.0829
0 0.3294 0.3715 0.0307 0.0406
0 0.4168 0.2754 0.0161 0.0248
0 0.3022 0.8952 0.0500 0.0685
0 0.5843 0.2913 0.0302 0.0448
0 0.6014 0.6464 0.0366 0.0750
0 0.8688 0.3006 0.0486 0.0270
0 0.3434 0.2448 0.0226 0.0524
0 0.3407 0.2640 0.0229 0.0659
0 0.5598 0.2669 0.0280 0.0213
0 0.8454 0.9596 0.0342 0.0574
0 0.5982 0.2786 0.0303 0.0402
0 0.6152 0.2680 0.0213 0.0294
0 0.7167 0.3585 0.0396 0.0299
