0 0.6660 0.3458 0.0368 0.0454
0 0.5980 0.3748 0.0348 0.0579
0 0.4360 0.3768 0.0215 0.0589
0 0.5831 0.6211 0.0431 0.0649
0 0.4888 0.3086 0.0208 0.0455
0 0.2928 0.4220 0.0538 0.0265
0 0.5443 0.2997 0.0248 0.0397
0 0.4760 0.2652 0.0446 0.0324
0 0.8267 0.4225 0.0293 0.0505
0 0.8255 0.3311 0.0246 0.0523
0 0.5162 0.9791 0.0366 0.0456
0 0.7442 0.3303 0.0210 0.0497
0 0.2789 0.6399 0.0254 0.0716
0 0.3339 0.3324 0.0216 0.0454
0 0.6290 0.3019 0.0461 0.0334
0 0.5322 0.4340 0.0218 0.0621
0 0.5340 0.7398 0.0380 0.0842
0 0.3289 0.3705 0.0286 0.0429
0 0.3831 0.3948 0.0439 0.0396
0 0.5772 0.2966 0.0245 0.0455
0 0.4188 0.2755 0.0172 0.0238
0 0.4671 0.4921 0.0471 0.0269
0 0.8661 0.3009 0.0495 0.0282
0 0.4366 0.8420 0.0443 0.0815
0 0.7032 0.2540 0.0245 0.0521
0 0.3419 0.2440 0.0200 0.0532
0 0.3916 0.7370 0.0244 0.0802
0 0.6026 0.2718 0.0304 0.0339
0 0.3393 0.2686 0.0221 0.0558
0 0.5607 0.2680 0.0279 0.0211
0 0.7193 0.3585 0.0441 0.0255
