0 0.5951 0.3735 0.0361 0.0574
0 0.6657 0.3459 0.0352 0.0475
0 0.4369 0.3747 0.0221 0.0625
0 0.4887 0.3087 0.0207 0.0459
0 0.2934 0.4218 0.0538 0.0264
0 0.4773 0.2656 0.0421 0.0344
0 0.2784 0.6387 0.0256 0.0691
0 0.3400 0.3334 0.0212 0.0492
0 0.5442 0.2996 0.0259 0.0388
0 0.8257 0.3304 0.0247 0.0512
0 0.5041 0.9690 0.0376 0.0632
0 0.3292 0.3722 0.0325 0.0439
0 0.5318 0.4344 0.0202 0.0655
0 0.7447 0.3295 0.0199 0.0476
0 0.6293 0.2997 0.0497 0.0334
0 0.5792 0.6911 0.0302 0.0864
0 0.5614 0.6101 0.0457 0.0591
0 0.4582 0.4918 0.0596 0.0311
0 0.3911 0.6668 0.0250 0.0769
0 0.5775 0.3015 0.0238 0.0436
0 0.3850 0.3948 0.0427 0.0425
0 0.8265 0.4264 0.0259 0.0469
0 0.5322 0.7879 0.0415 0.0848
0 0.7241 0.3617 0.0480 0.0251
0 0.8653 0.3005 0.0500 0.0286
0 0.7035 0.2541 0.0245 0.0499
0 0.5936 0.2709 0.0252 0.0297
0 0.3414 0.2439 0.0226 0.0570
0 0.4182 0.2742 0.0162 0.0239
0 0.3390 0.2677 0.0257 0.0621
0 0.5617 0.2662 0.0247 0.0200
