0 0.5114 0.9510 0.0414 0.0693
0 0.5932 0.3716 0.0373 0.0590
0 0.6660 0.3447 0.0338 0.0483
0 0.4386 0.3700 0.0250 0.0600
0 0.5302 0.6210 0.0448 0.0632
0 0.4884 0.3090 0.0206 0.0464
0 0.2788 0.6373 0.0260 0.0710
0 0.5450 0.2994 0.0268 0.0397
0 0.2935 0.4217 0.0533 0.0266
0 0.4786 0.2650 0.0399 0.0356
0 0.3301 0.3735 0.0303 0.0482
0 0.3404 0.3339 0.0202 0.0517
0 0.3404 0.2402 0.0259 0.0518
0 0.6316 0.3009 0.0505 0.0312
0 0.7448 0.3306 0.0188 0.0472
0 0.5327 0.4358 0.0213 0.0618
0 0.8246 0.3302 0.0243 0.0506
0 0.4616 0.4939 0.0436 0.0441
0 0.7035 0.2560 0.0255 0.0515
0 0.5797 0.3031 0.0228 0.0475
0 0.7278 0.3647 0.0486 0.0266
0 0.3912 0.5909 0.0273 0.0759
0 0.3872 0.3916 0.0428 0.0449
0 0.8263 0.4314 0.0205 0.0458
0 0.4171 0.2742 0.0180 0.0249
0 0.5936 0.2711 0.0230 0.0314
0 0.8642 0.3040 0.0410 0.0320
0 0.6020 0.6898 0.0480 0.0935
0 0.3355 0.2807 0.0269 0.0380
0 0.3851 0.2744 0.0184 0.0265
0 0.6170 0.6636 0.0282 0.0930
0 0.6166 0.2655 0.0210 0.0271
