0 0.5905 0.3678 0.0377 0.0574
0 0.6662 0.3443 0.0294 0.0495
0 0.3309 0.3769 0.0322 0.0498
0 0.4408 0.3624 0.0272 0.0604
0 0.4920 0.6501 0.0468 0.0529
0 0.4790 0.2661 0.0369 0.0370
0 0.4886 0.3092 0.0211 0.0455
0 0.2788 0.6373 0.0261 0.0712
0 0.2935 0.4216 0.0533 0.0270
0 0.3467 0.3310 0.0222 0.0573
0 0.5323 0.4353 0.0211 0.0641
0 0.6317 0.3006 0.0501 0.0324
0 0.5445 0.2991 0.0271 0.0395
0 0.6663 0.6244 0.0281 0.0720
0 0.3863 0.3897 0.0423 0.0490
0 0.7450 0.3307 0.0181 0.0456
0 0.5336 0.9546 0.0379 0.0691
0 0.3789 0.5165 0.0254 0.0718
0 0.7284 0.3669 0.0477 0.0290
0 0.3387 0.2378 0.0260 0.0468
0 0.5798 0.3091 0.0206 0.0516
0 0.4625 0.4919 0.0413 0.0486
0 0.8262 0.4333 0.0207 0.0472
0 0.3793 0.2752 0.0189 0.0285
0 0.7042 0.2545 0.0261 0.0480
0 0.8639 0.3075 0.0405 0.0369
0 0.8236 0.3298 0.0230 0.0526
0 0.4167 0.2743 0.0181 0.0255
0 0.6119 0.6040 0.0280 0.0799
0 0.5941 0.2728 0.0236 0.0319
0 0.3336 0.2825 0.0290 0.0346
0 0.6136 0.2677 0.0232 0.0297
