0 0.6661 0.3443 0.0297 0.0483
0 0.4776 0.2645 0.0439 0.0396
0 0.4380 0.6725 0.0458 0.0597
0 0.3379 0.2341 0.0290 0.0444
0 0.3322 0.3809 0.0303 0.0467
0 0.4886 0.3094 0.0218 0.0468
0 0.2930 0.4210 0.0549 0.0265
0 0.5891 0.3649 0.0350 0.0540
0 0.2788 0.6375 0.0257 0.0712
0 0.5443 0.2997 0.0274 0.0400
0 0.7304 0.3683 0.0493 0.0303
0 0.5903 0.5271 0.0254 0.0820
0 0.5324 0.4353 0.0200 0.0607
0 0.4618 0.4856 0.0349 0.0543
0 0.3850 0.3892 0.0424 0.0490
0 0.4398 0.3597 0.0259 0.0611
0 0.7453 0.3312 0.0179 0.0486
0 0.8263 0.4369 0.0206 0.0487
0 0.6334 0.2994 0.0494 0.0324
0 0.8694 0.3112 0.0256 0.0425
0 0.7118 0.6254 0.0381 0.0722
0 0.5687 0.9683 0.0393 0.0670
0 0.7046 0.2551 0.0254 0.0479
0 0.3796 0.2762 0.0174 0.0272
0 0.3535 0.4621 0.0244 0.0663
0 0.5817 0.3162 0.0193 0.0565
0 0.3493 0.3192 0.0207 0.0547
0 0.4154 0.2742 0.0189 0.0247
0 0.8229 0.3310 0.0219 0.0596
0 0.5895 0.2698 0.0253 0.0293
0 0.3328 0.2812 0.0278 0.0317
0 0.6153 0.2667 0.0243 0.0291
