0 0.6665 0.3440 0.0293 0.0481
0 0.4767 0.2648 0.0440 0.0400
0 0.3359 0.2364 0.0291 0.0527
0 0.3872 0.3875 0.0404 0.0491
0 0.2785 0.6377 0.0258 0.0716
0 0.4890 0.3089 0.0206 0.0475
0 0.5866 0.3623 0.0355 0.0508
0 0.5435 0.2999 0.0263 0.0397
0 0.3787 0.6934 0.0495 0.0625
0 0.4395 0.3543 0.0237 0.0619
0 0.4623 0.4819 0.0324 0.0533
0 0.7347 0.3691 0.0466 0.0290
0 0.5762 0.9727 0.0307 0.0573
0 0.3306 0.3858 0.0266 0.0473
0 0.8660 0.3129 0.0365 0.0518
0 0.2962 0.4249 0.0596 0.0310
0 0.3494 0.3160 0.0204 0.0553
0 0.8256 0.4377 0.0207 0.0502
0 0.6300 0.2993 0.0527 0.0350
0 0.7452 0.3307 0.0187 0.0467
0 0.7056 0.2543 0.0242 0.0445
0 0.3779 0.2774 0.0206 0.0266
0 0.7720 0.6692 0.0464 0.0800
0 0.5794 0.3171 0.0220 0.0510
0 0.5323 0.4375 0.0218 0.0658
0 0.8229 0.3320 0.0239 0.0610
0 0.5345 0.4925 0.0261 0.0695
0 0.4178 0.2747 0.0181 0.0244
0 0.6134 0.2675 0.0266 0.0309
0 0.3327 0.2811 0.0304 0.0327
0 0.5985 0.2694 0.0289 0.0275
