0 0.2031 0.6870 0.0347 0.0762
0 0.2897 0.4237 0.0402 0.0569
0 0.2725 0.6496 0.0446 0.0514
0 0.4889 0.4089 0.0482 0.0384
0 0.7542 0.6037 0.0351 0.0665
0 0.8875 0.3632 0.0285 0.0809
0 0.7436 0.3329 0.0209 0.0511
0 0.4849 0.3087 0.0275 0.0420
0 0.5143 0.3371 0.0311 0.0489
0 0.3311 0.2701 0.0327 0.0518
0 0.4018 0.3072 0.0226 0.0544
0 0.5739 0.3612 0.0397 0.0370
0 0.5453 0.2960 0.0204 0.0433
0 0.7784 0.3317 0.0317 0.0488
0 0.4903 0.2726 0.0216 0.0287
0 0.6509 0.3000 0.0406 0.0394
0 0.6758 0.3342 0.0362 0.0425
0 0.8100 0.3515 0.0215 0.0587
0 0.3562 0.6730 0.0329 0.0829
0 0.8268 0.3279 0.0217 0.0487
0 0.8055 0.2985 0.0513 0.0261
0 0.4228 0.2742 0.0226 0.0312
0 0.5387 0.3384 0.0275 0.0548
0 0.3875 0.2754 0.0197 0.0273
0 0.6158 0.2676 0.0210 0.0305
0 0.5497 0.2655 0.0194 0.0229
