0 0.3351 0.2331 0.0334 0.0481
0 0.6677 0.3429 0.0309 0.0485
0 0.4375 0.3505 0.0237 0.0598
0 0.4776 0.2651 0.0436 0.0403
0 0.3882 0.3849 0.0355 0.0558
0 0.5845 0.3618 0.0382 0.0480
0 0.2784 0.6373 0.0263 0.0713
0 0.3502 0.3114 0.0205 0.0557
0 0.4892 0.3087 0.0219 0.0480
0 0.5433 0.2992 0.0255 0.0394
0 0.5316 0.4365 0.0199 0.0579
0 0.2962 0.4209 0.0472 0.0352
0 0.3302 0.3838 0.0344 0.0526
0 0.8257 0.4416 0.0226 0.0464
0 0.7421 0.3679 0.0454 0.0271
0 0.6303 0.3002 0.0508 0.0321
0 0.7060 0.2553 0.0252 0.0503
0 0.7449 0.3296 0.0213 0.0438
0 0.5255 0.9690 0.0315 0.0650
0 0.3809 0.2817 0.0206 0.0317
0 0.5799 0.3183 0.0245 0.0477
0 0.8227 0.3334 0.0220 0.0616
0 0.8656 0.3166 0.0370 0.0492
0 0.3100 0.3844 0.0312 0.0548
0 0.4625 0.4755 0.0284 0.0706
0 0.4173 0.2751 0.0186 0.0267
0 0.6163 0.2660 0.0201 0.0295
0 0.8593 0.7340 0.0382 0.0647
0 0.5884 0.2698 0.0344 0.0254
0 0.3325 0.2814 0.0338 0.0330
0 0.3040 0.7206 0.0460 0.0524
