0 0.3369 0.2338 0.0377 0.0465
0 0.6685 0.3427 0.0320 0.0499
0 0.4494 0.9567 0.0356 0.0881
0 0.4389 0.3449 0.0214 0.0628
0 0.4803 0.2647 0.0407 0.0366
0 0.2370 0.7377 0.0424 0.0771
0 0.3509 0.3031 0.0223 0.0554
0 0.2783 0.6369 0.0260 0.0706
0 0.4892 0.3092 0.0202 0.0479
0 0.5316 0.4376 0.0196 0.0577
0 0.3075 0.3747 0.0255 0.0593
0 0.3903 0.3816 0.0340 0.0533
0 0.5441 0.2998 0.0271 0.0379
0 0.5815 0.3616 0.0406 0.0465
0 0.8256 0.4424 0.0233 0.0480
0 0.2928 0.4219 0.0533 0.0314
0 0.7057 0.2575 0.0242 0.0515
0 0.3341 0.3854 0.0259 0.0505
0 0.7453 0.3306 0.0203 0.0432
0 0.6308 0.3006 0.0515 0.0335
0 0.5905 0.2717 0.0211 0.0290
0 0.4074 0.4609 0.0247 0.0775
0 0.5816 0.3185 0.0226 0.0460
0 0.8226 0.3328 0.0221 0.0626
0 0.4654 0.4728 0.0254 0.0626
0 0.7482 0.3672 0.0446 0.0310
0 0.4177 0.2749 0.0186 0.0267
0 0.6162 0.2677 0.0204 0.0314
0 0.8664 0.3178 0.0276 0.0560
0 0.3822 0.2835 0.0210 0.0368
0 0.3290 0.2816 0.0326 0.0358
