0 0.3379 0.2350 0.0383 0.0464
0 0.6696 0.3417 0.0332 0.0481
0 0.1879 0.7235 0.0290 0.0813
0 0.4790 0.2646 0.0430 0.0369
0 0.4369 0.3414 0.0242 0.0595
0 0.2784 0.6368 0.0258 0.0710
0 0.4021 0.9156 0.0262 0.0927
0 0.4894 0.3090 0.0205 0.0488
0 0.3268 0.3803 0.0298 0.0537
0 0.5317 0.4381 0.0199 0.0556
0 0.5800 0.3620 0.0439 0.0422
0 0.7549 0.3720 0.0446 0.0317
0 0.5437 0.2998 0.0252 0.0377
0 0.2922 0.4217 0.0523 0.0282
0 0.3853 0.4571 0.0306 0.0743
0 0.3538 0.2999 0.0218 0.0544
0 0.8250 0.4442 0.0251 0.0463
0 0.7450 0.3326 0.0193 0.0453
0 0.7058 0.2563 0.0233 0.0463
0 0.3911 0.3780 0.0305 0.0547
0 0.5838 0.3187 0.0214 0.0489
0 0.9900 0.9151 0.0243 0.0676
0 0.8229 0.3325 0.0215 0.0630
0 0.5894 0.2693 0.0237 0.0268
0 0.6296 0.2993 0.0479 0.0302
0 0.4183 0.2742 0.0187 0.0263
0 0.6152 0.2660 0.0193 0.0297
0 0.8724 0.3239 0.0232 0.0615
0 0.3839 0.2836 0.0209 0.0400
0 0.4661 0.4658 0.0210 0.0600
0 0.3360 0.2810 0.0383 0.0338
