0 0.6703 0.3413 0.0325 0.0464
0 0.3363 0.3776 0.0291 0.0581
0 0.3384 0.2360 0.0418 0.0408
0 0.4358 0.3387 0.0248 0.0549
0 0.4788 0.2649 0.0411 0.0383
0 0.2783 0.6368 0.0264 0.0694
0 0.5443 0.3001 0.0255 0.0394
0 0.4896 0.3084 0.0223 0.0464
0 0.1699 0.6857 0.0268 0.0814
0 0.5318 0.4382 0.0198 0.0546
0 0.7599 0.3727 0.0433 0.0329
0 0.2924 0.4223 0.0525 0.0272
0 0.3723 0.8513 0.0259 0.0924
0 0.8253 0.4462 0.0249 0.0458
0 0.3897 0.4684 0.0400 0.0697
0 0.7453 0.3320 0.0181 0.0445
0 0.3837 0.2953 0.0199 0.0409
0 0.5775 0.3614 0.0464 0.0408
0 0.7060 0.2566 0.0235 0.0456
0 0.3946 0.3765 0.0284 0.0586
0 0.6233 0.2996 0.0445 0.0336
0 0.8749 0.3299 0.0200 0.0493
0 0.3535 0.2922 0.0219 0.0490
0 0.4662 0.4615 0.0222 0.0615
0 0.8228 0.3338 0.0209 0.0682
0 0.5861 0.3242 0.0238 0.0458
0 0.9811 0.8865 0.0387 0.0603
0 0.5909 0.2665 0.0234 0.0245
0 0.4183 0.2749 0.0177 0.0241
0 0.6154 0.2662 0.0210 0.0289
0 0.3397 0.2811 0.0378 0.0350
