0 0.3390 0.2363 0.0448 0.0381
0 0.6720 0.3386 0.0341 0.0502
0 0.1860 0.6503 0.0321 0.0844
0 0.4353 0.3339 0.0245 0.0611
0 0.3418 0.3786 0.0299 0.0533
0 0.2783 0.6354 0.0260 0.0696
0 0.4793 0.2647 0.0397 0.0402
0 0.7660 0.3679 0.0434 0.0340
0 0.4887 0.3093 0.0210 0.0471
0 0.2922 0.4217 0.0505 0.0294
0 0.5443 0.3002 0.0272 0.0370
0 0.3953 0.3714 0.0248 0.0627
0 0.5320 0.4378 0.0214 0.0538
0 0.8259 0.4457 0.0252 0.0487
0 0.7056 0.2598 0.0255 0.0455
0 0.3844 0.2975 0.0202 0.0418
0 0.7452 0.3316 0.0184 0.0443
0 0.4173 0.5030 0.0391 0.0650
0 0.5879 0.3269 0.0280 0.0451
0 0.5765 0.3612 0.0439 0.0404
0 0.4658 0.4570 0.0227 0.0604
0 0.6227 0.3011 0.0448 0.0331
0 0.8720 0.3304 0.0236 0.0422
0 0.3527 0.2904 0.0243 0.0458
0 0.5903 0.2694 0.0212 0.0265
0 0.8198 0.3355 0.0184 0.0626
0 0.4181 0.2753 0.0179 0.0236
0 0.3720 0.9883 0.0262 0.0245
0 0.6148 0.2670 0.0231 0.0297
0 0.9556 0.8540 0.0459 0.0510
0 0.3413 0.2831 0.0362 0.0369
