0 0.3406 0.2348 0.0448 0.0330
0 0.6726 0.3385 0.0356 0.0498
0 0.2783 0.6343 0.0267 0.0700
0 0.7039 0.2621 0.0279 0.0499
0 0.3409 0.3811 0.0274 0.0533
0 0.4888 0.3103 0.0198 0.0471
0 0.4768 0.2655 0.0412 0.0348
0 0.4023 0.9591 0.0235 0.0820
0 0.3847 0.3067 0.0211 0.0455
0 0.4582 0.5196 0.0255 0.0599
0 0.5441 0.3000 0.0270 0.0362
0 0.2919 0.4218 0.0506 0.0298
0 0.2169 0.6486 0.0296 0.0817
0 0.3957 0.3691 0.0230 0.0573
0 0.8270 0.4475 0.0231 0.0496
0 0.5324 0.4382 0.0228 0.0535
0 0.5929 0.3319 0.0302 0.0454
0 0.7456 0.3326 0.0187 0.0485
0 0.6225 0.3009 0.0483 0.0313
0 0.7728 0.3620 0.0374 0.0402
0 0.5756 0.3621 0.0440 0.0406
0 0.4657 0.4522 0.0207 0.0623
0 0.4337 0.3234 0.0228 0.0571
0 0.8698 0.3320 0.0325 0.0415
0 0.9147 0.8416 0.0317 0.0620
0 0.5874 0.2679 0.0194 0.0263
0 0.4190 0.2758 0.0176 0.0239
0 0.3724 0.7121 0.0263 0.0779
0 0.8203 0.3353 0.0181 0.0593
0 0.3372 0.2829 0.0337 0.0339
0 0.3541 0.2896 0.0241 0.0449
0 0.6144 0.2652 0.0228 0.0286
