0 0.3402 0.2352 0.0432 0.0331
0 0.6749 0.3372 0.0355 0.0492
0 0.2415 0.6642 0.0253 0.0767
0 0.2786 0.6336 0.0238 0.0714
0 0.3396 0.3810 0.0348 0.0525
0 0.7037 0.2649 0.0277 0.0510
0 0.4894 0.3102 0.0210 0.0444
0 0.3963 0.3677 0.0260 0.0596
0 0.4057 0.6517 0.0236 0.0744
0 0.4804 0.2634 0.0460 0.0327
0 0.3844 0.3086 0.0223 0.0450
0 0.4916 0.5263 0.0233 0.0719
0 0.8689 0.8283 0.0361 0.0609
0 0.5321 0.4389 0.0221 0.0524
0 0.5946 0.3347 0.0331 0.0435
0 0.2923 0.4223 0.0505 0.0291
0 0.5442 0.2998 0.0270 0.0353
0 0.6263 0.3016 0.0529 0.0290
0 0.8299 0.4482 0.0240 0.0501
0 0.7458 0.3323 0.0187 0.0496
0 0.4665 0.4476 0.0188 0.0626
0 0.4233 0.9020 0.0253 0.0797
0 0.8695 0.3354 0.0384 0.0389
0 0.4333 0.3190 0.0201 0.0606
0 0.8197 0.3335 0.0195 0.0631
0 0.5731 0.3623 0.0463 0.0386
0 0.7742 0.3596 0.0354 0.0412
0 0.4200 0.2760 0.0199 0.0235
0 0.5889 0.2677 0.0241 0.0251
0 0.7732 0.9668 0.0271 0.0677
0 0.3362 0.2829 0.0349 0.0338
0 0.5521 0.2651 0.0258 0.0196
0 0.3518 0.2885 0.0297 0.0426
0 0.6151 0.2643 0.0224 0.0271
0 0.3598 0.2818 0.0227 0.0305
