0 0.3398 0.2351 0.0432 0.0332
0 0.5093 0.5124 0.0285 0.0678
0 0.3388 0.3796 0.0331 0.0583
0 0.7028 0.2681 0.0253 0.0488
0 0.3980 0.3684 0.0273 0.0604
0 0.2787 0.6336 0.0233 0.0740
0 0.4891 0.3107 0.0200 0.0444
0 0.8147 0.7979 0.0368 0.0640
0 0.4778 0.2647 0.0428 0.0333
0 0.5995 0.3404 0.0343 0.0411
0 0.6234 0.3018 0.0457 0.0328
0 0.3831 0.3155 0.0253 0.0534
0 0.6762 0.3364 0.0369 0.0486
0 0.4189 0.8508 0.0229 0.0690
0 0.5317 0.4394 0.0208 0.0537
0 0.5430 0.2992 0.0248 0.0367
0 0.2917 0.4232 0.0519 0.0290
0 0.4337 0.3175 0.0197 0.0584
0 0.7448 0.3324 0.0197 0.0489
0 0.4671 0.4416 0.0190 0.0597
0 0.4357 0.6051 0.0247 0.0745
0 0.8642 0.3371 0.0435 0.0363
0 0.5692 0.3656 0.0487 0.0341
0 0.4182 0.2756 0.0176 0.0248
0 0.2518 0.6839 0.0244 0.0753
0 0.8202 0.3364 0.0246 0.0596
0 0.7783 0.3546 0.0351 0.0462
0 0.3358 0.2833 0.0366 0.0324
0 0.7465 0.8880 0.0223 0.0656
0 0.5874 0.2637 0.0228 0.0214
0 0.8336 0.4667 0.0218 0.0418
0 0.3436 0.2874 0.0375 0.0386
0 0.5501 0.2667 0.0243 0.0199
