0 0.3398 0.2345 0.0435 0.0323
0 0.2401 0.6892 0.0330 0.0742
0 0.7037 0.2689 0.0239 0.0476
0 0.2781 0.6330 0.0245 0.0708
0 0.3975 0.3681 0.0275 0.0604
0 0.4767 0.2639 0.0460 0.0348
0 0.4893 0.3102 0.0199 0.0465
0 0.3408 0.3781 0.0330 0.0602
0 0.6026 0.3445 0.0378 0.0424
0 0.4369 0.3172 0.0199 0.0572
0 0.2922 0.4227 0.0518 0.0284
0 0.4599 0.5674 0.0274 0.0766
0 0.7447 0.3321 0.0201 0.0502
0 0.5432 0.2993 0.0259 0.0367
0 0.7303 0.8012 0.0228 0.0778
0 0.6185 0.3022 0.0363 0.0387
0 0.6766 0.3369 0.0361 0.0444
0 0.8202 0.3390 0.0249 0.0600
0 0.5659 0.3674 0.0504 0.0312
0 0.7685 0.7276 0.0357 0.0796
0 0.5254 0.4841 0.0272 0.0661
0 0.4214 0.8170 0.0222 0.0704
0 0.7821 0.3488 0.0290 0.0484
0 0.3820 0.3185 0.0272 0.0508
0 0.5308 0.4425 0.0200 0.0611
0 0.4184 0.2741 0.0183 0.0232
0 0.3394 0.2823 0.0434 0.0328
0 0.5865 0.2653 0.0213 0.0249
0 0.8608 0.3347 0.0425 0.0326
0 0.4653 0.4394 0.0200 0.0599
0 0.5517 0.2660 0.0276 0.0198
0 0.6153 0.2666 0.0200 0.0298
