0 0.3392 0.2339 0.0429 0.0324
0 0.4820 0.5237 0.0414 0.0695
0 0.3979 0.3681 0.0291 0.0596
0 0.7038 0.2686 0.0290 0.0478
0 0.4888 0.3103 0.0186 0.0479
0 0.3405 0.3795 0.0323 0.0612
0 0.4775 0.2642 0.0431 0.0350
0 0.2786 0.6317 0.0245 0.0700
0 0.6216 0.3034 0.0417 0.0391
0 0.5636 0.3680 0.0487 0.0320
0 0.5429 0.2994 0.0241 0.0367
0 0.2923 0.4228 0.0518 0.0285
0 0.4337 0.7979 0.0201 0.0725
0 0.4363 0.3154 0.0194 0.0562
0 0.7439 0.3312 0.0196 0.0489
0 0.6765 0.3378 0.0343 0.0453
0 0.2462 0.6817 0.0418 0.0664
0 0.4622 0.4348 0.0259 0.0582
0 0.3797 0.3261 0.0231 0.0441
0 0.6055 0.3447 0.0383 0.0417
0 0.5310 0.4373 0.0250 0.0531
0 0.5498 0.4690 0.0281 0.0686
0 0.7836 0.3462 0.0280 0.0482
0 0.8278 0.3395 0.0430 0.0468
0 0.4191 0.2746 0.0174 0.0239
0 0.3393 0.2817 0.0443 0.0322
0 0.8183 0.3432 0.0319 0.0498
0 0.5859 0.2638 0.0216 0.0221
0 0.7078 0.7254 0.0235 0.0765
0 0.8094 0.3169 0.0405 0.0267
0 0.8590 0.3354 0.0413 0.0345
0 0.5513 0.2664 0.0245 0.0199
0 0.7403 0.6335 0.0226 0.0644
0 0.6166 0.2662 0.0185 0.0294
