0 0.2903 0.4220 0.0390 0.0586
0 0.9014 0.4035 0.0280 0.0791
0 0.7210 0.5856 0.0363 0.0638
0 0.3297 0.6283 0.0300 0.0812
0 0.2715 0.6485 0.0421 0.0532
0 0.4927 0.4108 0.0511 0.0361
0 0.7433 0.3322 0.0212 0.0516
0 0.4050 0.3059 0.0208 0.0541
0 0.4845 0.3086 0.0264 0.0430
0 0.6747 0.3339 0.0370 0.0467
0 0.3314 0.2721 0.0352 0.0485
0 0.5133 0.3428 0.0282 0.0542
0 0.8100 0.3507 0.0217 0.0560
0 0.5741 0.3613 0.0390 0.0383
0 0.5443 0.2974 0.0207 0.0450
0 0.2132 0.6246 0.0411 0.0715
0 0.4890 0.2732 0.0209 0.0277
0 0.7766 0.3318 0.0314 0.0502
0 0.3820 0.2759 0.0236 0.0271
0 0.6507 0.2975 0.0403 0.0372
0 0.5400 0.3417 0.0287 0.0527
0 0.8051 0.2973 0.0516 0.0253
0 0.8293 0.3258 0.0217 0.0496
0 0.4233 0.2743 0.0228 0.0268
0 0.5490 0.2676 0.0200 0.0240
