0 0.3408 0.2308 0.0458 0.0300
0 0.4753 0.2644 0.0438 0.0426
0 0.7028 0.2651 0.0282 0.0532
0 0.4009 0.3659 0.0290 0.0541
0 0.5800 0.4495 0.0220 0.0659
0 0.3415 0.3788 0.0324 0.0627
0 0.4884 0.3098 0.0201 0.0465
0 0.5617 0.3741 0.0474 0.0373
0 0.2821 0.6899 0.0371 0.0695
0 0.4404 0.3125 0.0268 0.0555
0 0.4407 0.7785 0.0200 0.0753
0 0.7312 0.5603 0.0275 0.0733
0 0.5435 0.3003 0.0257 0.0379
0 0.3776 0.3301 0.0224 0.0432
0 0.2922 0.4229 0.0502 0.0292
0 0.6762 0.3380 0.0347 0.0458
0 0.6175 0.3003 0.0349 0.0410
0 0.8394 0.3387 0.0659 0.0430
0 0.7437 0.3317 0.0196 0.0475
0 0.2782 0.6309 0.0259 0.0687
0 0.5305 0.4425 0.0212 0.0540
0 0.5238 0.5025 0.0423 0.0697
0 0.4610 0.4307 0.0266 0.0588
0 0.7835 0.3413 0.0249 0.0514
0 0.4208 0.2742 0.0195 0.0233
0 0.6059 0.3454 0.0398 0.0403
0 0.8179 0.3333 0.0302 0.0612
0 0.3362 0.2775 0.0397 0.0281
0 0.5865 0.2651 0.0199 0.0230
0 0.8354 0.7221 0.0190 0.0618
0 0.8080 0.3172 0.0352 0.0302
0 0.5525 0.2672 0.0260 0.0200
0 0.0090 0.3378 0.0218 0.0250
