0 0.3392 0.2341 0.0418 0.0326
0 0.2777 0.6303 0.0260 0.0694
0 0.7022 0.2657 0.0270 0.0597
0 0.4413 0.3105 0.0260 0.0556
0 0.4749 0.2645 0.0412 0.0419
0 0.4884 0.3098 0.0195 0.0464
0 0.4031 0.3628 0.0323 0.0519
0 0.5307 0.4444 0.0216 0.0523
0 0.5436 0.3000 0.0259 0.0384
0 0.5612 0.3753 0.0464 0.0397
0 0.6024 0.5919 0.0279 0.0678
0 0.7192 0.4938 0.0235 0.0608
0 0.8368 0.3384 0.0635 0.0443
0 0.3786 0.3314 0.0226 0.0407
0 0.6765 0.3388 0.0334 0.0475
0 0.3440 0.3715 0.0272 0.0595
0 0.5845 0.5118 0.0561 0.0582
0 0.2971 0.6736 0.0221 0.0749
0 0.2915 0.4232 0.0494 0.0291
0 0.4605 0.4259 0.0245 0.0614
0 0.7438 0.3318 0.0200 0.0472
0 0.6172 0.2988 0.0300 0.0425
0 0.4405 0.7528 0.0315 0.0710
0 0.5976 0.4253 0.0196 0.0616
0 0.7817 0.3409 0.0222 0.0530
0 0.6085 0.3452 0.0396 0.0436
0 0.4202 0.2748 0.0192 0.0240
0 0.3364 0.2794 0.0347 0.0278
0 0.8377 0.8810 0.0162 0.0612
0 0.8039 0.3168 0.0434 0.0253
0 0.8192 0.3392 0.0297 0.0551
0 0.5533 0.2654 0.0242 0.0203
0 0.0090 0.3378 0.0217 0.0252
