0 0.7062 0.4416 0.0223 0.0663
0 0.4412 0.3116 0.0256 0.0557
0 0.5878 0.5451 0.0265 0.0706
0 0.4203 0.7350 0.0506 0.0629
0 0.7025 0.2660 0.0223 0.0621
0 0.3295 0.2372 0.0503 0.0288
0 0.4744 0.2648 0.0414 0.0438
0 0.5322 0.4464 0.0264 0.0508
0 0.4609 0.4232 0.0246 0.0625
0 0.4885 0.3092 0.0205 0.0473
0 0.3798 0.3375 0.0233 0.0450
0 0.6232 0.3026 0.0354 0.0414
0 0.5608 0.3787 0.0439 0.0403
0 0.5435 0.3000 0.0274 0.0396
0 0.8366 0.3363 0.0637 0.0443
0 0.4033 0.3621 0.0330 0.0515
0 0.7818 0.3382 0.0216 0.0549
0 0.2915 0.4231 0.0498 0.0295
0 0.7432 0.3312 0.0199 0.0481
0 0.3447 0.3656 0.0257 0.0570
0 0.2827 0.6328 0.0352 0.0727
0 0.6090 0.3464 0.0405 0.0392
0 0.6772 0.3385 0.0309 0.0500
0 0.6054 0.3991 0.0208 0.0539
0 0.3385 0.2800 0.0269 0.0322
0 0.4205 0.2745 0.0206 0.0245
0 0.6712 0.6028 0.0612 0.0570
0 0.5539 0.2676 0.0197 0.0239
0 0.3266 0.3984 0.0221 0.0433
0 0.8070 0.3165 0.0464 0.0260
0 0.8195 0.3388 0.0336 0.0582
0 0.0086 0.3378 0.0209 0.0254
0 0.3603 0.2742 0.0188 0.0240
