0 0.5607 0.3812 0.0422 0.0435
0 0.4420 0.3098 0.0228 0.0536
0 0.4591 0.4192 0.0245 0.0613
0 0.7015 0.2659 0.0234 0.0579
0 0.3793 0.3441 0.0217 0.0496
0 0.5315 0.4487 0.0288 0.0482
0 0.7782 0.3348 0.0196 0.0538
0 0.2763 0.6321 0.0238 0.0672
0 0.4881 0.3094 0.0196 0.0466
0 0.6911 0.4064 0.0232 0.0618
0 0.5981 0.5095 0.0239 0.0605
0 0.5438 0.3003 0.0261 0.0395
0 0.8311 0.3405 0.0498 0.0447
0 0.4771 0.2644 0.0337 0.0408
0 0.6230 0.3025 0.0364 0.0425
0 0.3029 0.5917 0.0346 0.0706
0 0.4056 0.3612 0.0305 0.0537
0 0.7427 0.3314 0.0201 0.0495
0 0.2911 0.4232 0.0493 0.0302
0 0.6770 0.3383 0.0301 0.0535
0 0.3257 0.3995 0.0242 0.0492
0 0.3467 0.3600 0.0234 0.0530
0 0.7842 0.7683 0.0654 0.0787
0 0.4203 0.2741 0.0200 0.0248
0 0.6062 0.3772 0.0223 0.0606
0 0.3160 0.2796 0.0428 0.0391
0 0.3638 0.7425 0.0409 0.0488
0 0.6054 0.3511 0.0287 0.0520
0 0.5535 0.2674 0.0198 0.0232
0 0.8313 0.3185 0.0645 0.0321
0 0.3613 0.2746 0.0222 0.0236
0 0.8175 0.3165 0.0430 0.0264
0 0.3289 0.2792 0.0440 0.0318
0 0.0083 0.3380 0.0205 0.0253
