0 0.7006 0.2678 0.0265 0.0609
0 0.2796 0.6285 0.0232 0.0716
0 0.4593 0.4165 0.0241 0.0615
0 0.4427 0.3080 0.0226 0.0501
0 0.4735 0.2653 0.0418 0.0395
0 0.3791 0.3452 0.0191 0.0452
0 0.4883 0.3089 0.0192 0.0466
0 0.7775 0.3332 0.0221 0.0508
0 0.6249 0.3048 0.0363 0.0415
0 0.3459 0.3520 0.0216 0.0520
0 0.7427 0.3319 0.0207 0.0505
0 0.5440 0.3003 0.0273 0.0384
0 0.6114 0.4742 0.0197 0.0697
0 0.5291 0.4519 0.0270 0.0500
0 0.3304 0.5435 0.0310 0.0734
0 0.5622 0.3877 0.0352 0.0516
0 0.8255 0.3413 0.0329 0.0496
0 0.4078 0.3603 0.0294 0.0573
0 0.2920 0.4220 0.0482 0.0324
0 0.6017 0.3489 0.0428 0.0433
0 0.3251 0.4041 0.0215 0.0498
0 0.2899 0.3516 0.0482 0.0354
0 0.3332 0.2815 0.0264 0.0326
0 0.4203 0.2745 0.0193 0.0252
0 0.7671 0.9887 0.0349 0.0246
0 0.6801 0.3358 0.0297 0.0458
0 0.2835 0.7777 0.0398 0.0561
0 0.6768 0.3911 0.0252 0.0574
0 0.5533 0.2674 0.0210 0.0221
0 0.8410 0.3196 0.0532 0.0388
0 0.5902 0.3736 0.0292 0.0480
0 0.8876 0.9333 0.0676 0.0553
0 0.8173 0.3186 0.0310 0.0307
0 0.0082 0.3378 0.0202 0.0256
