0 0.2794 0.6287 0.0233 0.0716
0 0.4741 0.2652 0.0433 0.0391
0 0.3469 0.3494 0.0237 0.0573
0 0.4584 0.4143 0.0235 0.0637
0 0.5434 0.3009 0.0261 0.0389
0 0.4417 0.3070 0.0207 0.0528
0 0.6222 0.3030 0.0353 0.0440
0 0.7424 0.3316 0.0207 0.0519
0 0.4886 0.3093 0.0200 0.0455
0 0.6103 0.4450 0.0222 0.0669
0 0.3472 0.5161 0.0224 0.0699
0 0.5282 0.4536 0.0313 0.0484
0 0.3802 0.3455 0.0193 0.0453
0 0.7715 0.8984 0.0334 0.0987
0 0.6986 0.2757 0.0277 0.0521
0 0.7769 0.3320 0.0230 0.0489
0 0.8257 0.3414 0.0284 0.0517
0 0.3263 0.4052 0.0232 0.0592
0 0.4089 0.3599 0.0322 0.0562
0 0.2919 0.4228 0.0478 0.0321
0 0.2129 0.8145 0.0269 0.0756
0 0.6727 0.3958 0.0223 0.0551
0 0.6804 0.3365 0.0328 0.0465
0 0.5657 0.3801 0.0338 0.0646
0 0.4214 0.2745 0.0206 0.0249
0 0.6050 0.3466 0.0325 0.0456
0 0.3338 0.2822 0.0255 0.0331
0 0.2465 0.4737 0.0533 0.0468
0 0.5541 0.2666 0.0199 0.0227
0 0.5560 0.3951 0.0306 0.0440
0 0.8338 0.3190 0.0631 0.0357
0 0.0085 0.3380 0.0208 0.0255
0 0.3602 0.2748 0.0187 0.0242
0 0.8172 0.3172 0.0336 0.0287
