0 0.1690 0.8489 0.0275 0.0786
0 0.2791 0.6282 0.0239 0.0722
0 0.4741 0.2655 0.0401 0.0413
0 0.3350 0.4962 0.0269 0.0707
0 0.5264 0.4566 0.0306 0.0495
0 0.3457 0.3455 0.0230 0.0505
0 0.3281 0.4087 0.0234 0.0584
0 0.3792 0.3453 0.0200 0.0437
0 0.6203 0.3035 0.0331 0.0451
0 0.4429 0.3052 0.0222 0.0468
0 0.6967 0.4339 0.0370 0.0448
0 0.7425 0.3320 0.0211 0.0528
0 0.5442 0.3006 0.0268 0.0384
0 0.4612 0.4121 0.0216 0.0607
0 0.4887 0.3092 0.0196 0.0462
0 0.8050 0.8171 0.0333 0.1052
0 0.7771 0.3338 0.0218 0.0501
0 0.8260 0.3419 0.0302 0.0509
0 0.4093 0.3605 0.0316 0.0536
0 0.6974 0.2801 0.0265 0.0590
0 0.2910 0.4240 0.0470 0.0325
0 0.6052 0.3454 0.0340 0.0429
0 0.5574 0.3678 0.0321 0.0530
0 0.1736 0.6385 0.0539 0.0556
0 0.6807 0.3387 0.0364 0.0502
0 0.3322 0.2817 0.0233 0.0335
0 0.5506 0.4002 0.0237 0.0463
0 0.6094 0.4305 0.0228 0.0660
0 0.4220 0.2749 0.0205 0.0250
0 0.5537 0.2664 0.0211 0.0215
0 0.8315 0.3187 0.0613 0.0352
0 0.0084 0.3380 0.0208 0.0255
0 0.8174 0.3173 0.0352 0.0275
0 0.1361 0.9850 0.0308 0.0319
