0 0.4795 0.2634 0.0451 0.0387
0 0.2791 0.6285 0.0230 0.0734
0 0.8318 0.7593 0.0303 0.0961
0 0.3453 0.3432 0.0232 0.0594
0 0.3176 0.4954 0.0255 0.0676
0 0.5268 0.4571 0.0361 0.0449
0 0.4889 0.3085 0.0198 0.0468
0 0.3298 0.4177 0.0233 0.0595
0 0.5438 0.2999 0.0265 0.0403
0 0.4430 0.3032 0.0221 0.0452
0 0.5539 0.3982 0.0347 0.0510
0 0.8256 0.3434 0.0284 0.0554
0 0.4615 0.4098 0.0221 0.0639
0 0.3708 0.3492 0.0244 0.0520
0 0.7418 0.3315 0.0202 0.0530
0 0.6170 0.3029 0.0314 0.0483
0 0.6056 0.4381 0.0263 0.0656
0 0.1443 0.8704 0.0347 0.0806
0 0.7817 0.3314 0.0204 0.0532
0 0.6820 0.3388 0.0338 0.0513
0 0.3344 0.2829 0.0263 0.0337
0 0.2895 0.4242 0.0441 0.0332
0 0.4208 0.2751 0.0211 0.0256
0 0.4123 0.3587 0.0341 0.0551
0 0.6050 0.3400 0.0274 0.0514
0 0.6973 0.2785 0.0259 0.0542
0 0.3680 0.9906 0.0268 0.0215
0 0.5532 0.2661 0.0204 0.0220
0 0.5265 0.3773 0.0254 0.0423
0 0.7302 0.5084 0.0424 0.0440
0 0.0834 0.9052 0.0385 0.0794
0 0.0081 0.3379 0.0201 0.0256
0 0.8419 0.3192 0.0454 0.0364
0 0.1354 0.9847 0.0295 0.0325
