0 0.3160 0.5084 0.0235 0.0648
0 0.5495 0.4052 0.0358 0.0478
0 0.4803 0.2603 0.0465 0.0415
0 0.2793 0.6284 0.0227 0.0736
0 0.6012 0.4595 0.0271 0.0654
0 0.5442 0.2999 0.0262 0.0402
0 0.8599 0.7061 0.0335 0.0882
0 0.4891 0.3086 0.0188 0.0478
0 0.8268 0.3447 0.0323 0.0510
0 0.5278 0.4578 0.0366 0.0459
0 0.3467 0.3368 0.0204 0.0600
0 0.4469 0.2984 0.0240 0.0435
0 0.6161 0.3054 0.0290 0.0503
0 0.7418 0.3313 0.0201 0.0529
0 0.6823 0.3391 0.0365 0.0512
0 0.3392 0.4103 0.0312 0.0826
0 0.1443 0.8964 0.0413 0.0775
0 0.6030 0.3392 0.0230 0.0554
0 0.7821 0.3303 0.0193 0.0547
0 0.6978 0.2786 0.0261 0.0547
0 0.2893 0.4237 0.0458 0.0300
0 0.4162 0.3556 0.0319 0.0533
0 0.4676 0.4075 0.0330 0.0589
0 0.4205 0.2741 0.0216 0.0261
0 0.3311 0.2819 0.0207 0.0332
0 0.3551 0.9595 0.0227 0.0645
0 0.7708 0.6528 0.0411 0.0448
0 0.8436 0.3190 0.0403 0.0367
0 0.1350 0.9842 0.0303 0.0335
0 0.0080 0.3379 0.0199 0.0254
0 0.4399 0.2717 0.0315 0.0274
0 0.8138 0.3184 0.0316 0.0285
