0 0.3339 0.5076 0.0266 0.0654
0 0.2791 0.6287 0.0234 0.0738
0 0.5503 0.4063 0.0378 0.0461
0 0.8842 0.6664 0.0445 0.0771
0 0.4821 0.2589 0.0431 0.0461
0 0.5870 0.4711 0.0257 0.0659
0 0.5441 0.2999 0.0264 0.0412
0 0.8282 0.3448 0.0363 0.0509
0 0.5274 0.4576 0.0380 0.0437
0 0.4888 0.3083 0.0186 0.0495
0 0.4171 0.3533 0.0360 0.0483
0 0.7420 0.3314 0.0208 0.0541
0 0.3491 0.3308 0.0263 0.0623
0 0.4478 0.2961 0.0231 0.0488
0 0.1729 0.9509 0.0370 0.0794
0 0.6017 0.3383 0.0211 0.0607
0 0.6817 0.3393 0.0354 0.0504
0 0.4244 0.4549 0.0262 0.0718
0 0.6192 0.3114 0.0207 0.0667
0 0.4655 0.4019 0.0261 0.0569
0 0.3085 0.4699 0.0363 0.0506
0 0.6994 0.2815 0.0258 0.0525
0 0.2889 0.4239 0.0488 0.0306
0 0.3548 0.9154 0.0324 0.0788
0 0.3343 0.4318 0.0227 0.0550
0 0.7829 0.3297 0.0179 0.0523
0 0.3323 0.2817 0.0206 0.0353
0 0.4203 0.2734 0.0215 0.0257
0 0.8109 0.7954 0.0395 0.0587
0 0.8148 0.3185 0.0285 0.0326
0 0.8476 0.3188 0.0310 0.0394
0 0.5528 0.2664 0.0191 0.0227
0 0.6180 0.2658 0.0174 0.0300
0 0.0079 0.3379 0.0198 0.0254
0 0.4482 0.2742 0.0293 0.0344
0 0.1384 0.9867 0.0331 0.0303
