0 0.2907 0.4220 0.0397 0.0589
0 0.6876 0.5800 0.0359 0.0634
0 0.7432 0.3322 0.0219 0.0515
0 0.9092 0.4535 0.0225 0.0712
0 0.3296 0.2733 0.0324 0.0575
0 0.4050 0.3052 0.0208 0.0535
0 0.4843 0.3089 0.0264 0.0427
0 0.5096 0.3464 0.0248 0.0567
0 0.8079 0.3499 0.0202 0.0552
0 0.4969 0.4107 0.0529 0.0337
0 0.2996 0.6196 0.0325 0.0795
0 0.6758 0.3351 0.0343 0.0452
0 0.5745 0.3608 0.0396 0.0401
0 0.5446 0.2972 0.0216 0.0482
0 0.3750 0.2767 0.0285 0.0271
0 0.7762 0.3338 0.0296 0.0467
0 0.5413 0.3405 0.0330 0.0489
0 0.8097 0.2982 0.0504 0.0287
0 0.4887 0.2736 0.0217 0.0270
0 0.2690 0.6236 0.0446 0.0863
0 0.8292 0.3275 0.0191 0.0485
0 0.6462 0.2945 0.0388 0.0348
0 0.4223 0.2751 0.0227 0.0291
0 0.5489 0.2670 0.0204 0.0242
0 0.6166 0.2718 0.0209 0.0357
