0 0.5495 0.4104 0.0362 0.0490
0 0.2789 0.6293 0.0236 0.0689
0 0.8302 0.3431 0.0373 0.0521
0 0.4889 0.3091 0.0186 0.0489
0 0.4847 0.2593 0.0434 0.0409
0 0.5256 0.4572 0.0368 0.0452
0 0.4184 0.3533 0.0383 0.0497
0 0.5442 0.3000 0.0269 0.0412
0 0.8696 0.9001 0.0404 0.0579
0 0.7421 0.3316 0.0203 0.0538
0 0.3356 0.4340 0.0265 0.0523
0 0.3482 0.5160 0.0213 0.0729
0 0.8721 0.6456 0.0425 0.0710
0 0.6019 0.3375 0.0205 0.0567
0 0.4442 0.2923 0.0236 0.0528
0 0.6818 0.3386 0.0374 0.0509
0 0.3489 0.3262 0.0241 0.0595
0 0.4657 0.3991 0.0265 0.0584
0 0.3552 0.9207 0.0306 0.0715
0 0.6193 0.3053 0.0212 0.0674
0 0.7019 0.2820 0.0221 0.0546
0 0.4157 0.4968 0.0341 0.0601
0 0.2877 0.4252 0.0438 0.0322
0 0.4201 0.2736 0.0213 0.0266
0 0.3375 0.2809 0.0279 0.0321
0 0.5728 0.4627 0.0235 0.0653
0 0.2338 0.9863 0.0306 0.0301
0 0.2433 0.6227 0.0441 0.0815
0 0.7878 0.3303 0.0220 0.0543
0 0.8161 0.3175 0.0249 0.0324
0 0.8464 0.3189 0.0319 0.0388
0 0.5531 0.2664 0.0191 0.0221
0 0.0078 0.3379 0.0196 0.0254
0 0.6174 0.2667 0.0178 0.0319
