0 0.2788 0.6286 0.0238 0.0728
0 0.8361 0.6204 0.0386 0.0743
0 0.8306 0.3442 0.0377 0.0509
0 0.5441 0.2999 0.0267 0.0421
0 0.4190 0.3524 0.0374 0.0490
0 0.3454 0.5313 0.0313 0.0691
0 0.4887 0.3090 0.0200 0.0492
0 0.5234 0.4584 0.0365 0.0395
0 0.7418 0.3322 0.0204 0.0521
0 0.3353 0.4411 0.0266 0.0538
0 0.5472 0.4095 0.0312 0.0477
0 0.6006 0.3385 0.0213 0.0565
0 0.4881 0.2578 0.0442 0.0409
0 0.6196 0.3098 0.0223 0.0614
0 0.2880 0.4246 0.0446 0.0312
0 0.4214 0.2737 0.0263 0.0268
0 0.3516 0.3186 0.0237 0.0612
0 0.4680 0.3936 0.0277 0.0544
0 0.6770 0.3411 0.0339 0.0482
0 0.7886 0.3320 0.0222 0.0551
0 0.7008 0.2825 0.0220 0.0551
0 0.3558 0.9221 0.0236 0.0762
0 0.4457 0.2886 0.0242 0.0495
0 0.3366 0.2811 0.0268 0.0313
0 0.5698 0.4387 0.0287 0.0625
0 0.3638 0.2748 0.0224 0.0239
0 0.1354 0.9840 0.0344 0.0363
0 0.6175 0.2651 0.0180 0.0296
0 0.1103 0.9505 0.0468 0.0902
0 0.8160 0.3167 0.0292 0.0311
0 0.8436 0.3184 0.0361 0.0357
0 0.0082 0.3378 0.0202 0.0254
