0 0.3495 0.5546 0.0439 0.0608
0 0.4725 0.3868 0.0295 0.0583
0 0.4213 0.3516 0.0420 0.0473
0 0.3362 0.4472 0.0236 0.0559
0 0.2786 0.6295 0.0232 0.0719
0 0.5442 0.2996 0.0273 0.0414
0 0.4883 0.3098 0.0201 0.0482
0 0.5204 0.4599 0.0328 0.0474
0 0.8328 0.3456 0.0392 0.0521
0 0.7418 0.3321 0.0204 0.0500
0 0.5990 0.3389 0.0211 0.0575
0 0.5473 0.4099 0.0278 0.0468
0 0.4902 0.2592 0.0448 0.0402
0 0.7838 0.5857 0.0421 0.0673
0 0.7903 0.3309 0.0214 0.0531
0 0.5735 0.4380 0.0284 0.0620
0 0.2880 0.4241 0.0456 0.0308
0 0.4175 0.2758 0.0251 0.0290
0 0.3548 0.3139 0.0248 0.0544
0 0.6188 0.3126 0.0225 0.0603
0 0.6990 0.2820 0.0245 0.0535
0 0.6801 0.3402 0.0308 0.0528
0 0.4466 0.2820 0.0275 0.0443
0 0.3554 0.9130 0.0251 0.0790
0 0.3342 0.2814 0.0297 0.0321
0 0.3620 0.2807 0.0253 0.0291
0 0.8383 0.3192 0.0495 0.0358
0 0.6179 0.2641 0.0183 0.0278
0 0.5027 0.5670 0.0248 0.0638
0 0.0083 0.3378 0.0205 0.0252
0 0.5532 0.2650 0.0209 0.0218
