0 0.4722 0.3824 0.0307 0.0566
0 0.3809 0.5931 0.0481 0.0535
0 0.3405 0.4531 0.0233 0.0566
0 0.2782 0.6302 0.0227 0.0708
0 0.4254 0.3499 0.0414 0.0473
0 0.5471 0.4118 0.0262 0.0523
0 0.5974 0.3423 0.0215 0.0539
0 0.5441 0.2994 0.0271 0.0394
0 0.7421 0.3317 0.0195 0.0490
0 0.8348 0.3424 0.0393 0.0530
0 0.4886 0.3097 0.0197 0.0467
0 0.4913 0.2581 0.0456 0.0407
0 0.5399 0.5631 0.0258 0.0667
0 0.6176 0.3129 0.0254 0.0592
0 0.7903 0.3312 0.0211 0.0519
0 0.5190 0.4664 0.0269 0.0509
0 0.2879 0.4241 0.0467 0.0304
0 0.4207 0.2758 0.0255 0.0277
0 0.3551 0.9121 0.0244 0.0790
0 0.5738 0.4350 0.0206 0.0599
0 0.6800 0.3393 0.0274 0.0551
0 0.4499 0.2772 0.0271 0.0346
0 0.3382 0.2808 0.0298 0.0311
0 0.6956 0.5673 0.0416 0.0566
0 0.3586 0.3055 0.0252 0.0525
0 0.6962 0.2906 0.0324 0.0473
0 0.3651 0.2791 0.0270 0.0254
0 0.6172 0.2641 0.0191 0.0282
0 0.8434 0.3203 0.0428 0.0390
0 0.0080 0.3376 0.0199 0.0255
0 0.5534 0.2653 0.0208 0.0223
