0 0.4745 0.3773 0.0274 0.0571
0 0.3392 0.4552 0.0228 0.0589
0 0.2779 0.6298 0.0237 0.0711
0 0.5971 0.3440 0.0206 0.0534
0 0.5453 0.4092 0.0250 0.0496
0 0.5439 0.2996 0.0267 0.0393
0 0.7424 0.3311 0.0191 0.0490
0 0.3536 0.9056 0.0228 0.0846
0 0.6176 0.3128 0.0273 0.0596
0 0.4886 0.3102 0.0204 0.0477
0 0.5213 0.4706 0.0219 0.0482
0 0.8371 0.3324 0.0487 0.0455
0 0.6936 0.2924 0.0361 0.0496
0 0.5610 0.5257 0.0247 0.0542
0 0.4274 0.3482 0.0380 0.0499
0 0.4935 0.2569 0.0398 0.0483
0 0.3597 0.3044 0.0270 0.0515
0 0.7904 0.3327 0.0214 0.0522
0 0.4487 0.2764 0.0276 0.0325
0 0.5753 0.4307 0.0189 0.0660
0 0.6306 0.5410 0.0236 0.0694
0 0.2879 0.4242 0.0481 0.0303
0 0.4406 0.6408 0.0331 0.0727
0 0.6803 0.3405 0.0268 0.0520
0 0.3375 0.2813 0.0283 0.0320
0 0.4212 0.2754 0.0247 0.0266
0 0.3665 0.2785 0.0291 0.0261
0 0.6172 0.2650 0.0186 0.0294
0 0.8357 0.3205 0.0535 0.0368
0 0.5537 0.2668 0.0202 0.0230
0 0.0077 0.3376 0.0193 0.0257
