0 0.4777 0.3738 0.0293 0.0542
0 0.5967 0.3470 0.0218 0.0523
0 0.2775 0.6294 0.0228 0.0714
0 0.5786 0.4245 0.0239 0.0673
0 0.5259 0.4756 0.0217 0.0552
0 0.5461 0.4069 0.0270 0.0506
0 0.7425 0.3313 0.0190 0.0494
0 0.5441 0.2991 0.0256 0.0387
0 0.4316 0.3448 0.0421 0.0456
0 0.4892 0.3092 0.0227 0.0486
0 0.5577 0.5225 0.0221 0.0544
0 0.3545 0.9038 0.0234 0.0859
0 0.8370 0.3383 0.0478 0.0480
0 0.6178 0.3123 0.0258 0.0590
0 0.6031 0.4968 0.0230 0.0713
0 0.2882 0.4243 0.0477 0.0305
0 0.6947 0.2928 0.0272 0.0489
0 0.7905 0.3337 0.0219 0.0572
0 0.3371 0.4627 0.0239 0.0560
0 0.6771 0.3419 0.0222 0.0549
0 0.4909 0.2564 0.0376 0.0531
0 0.4881 0.6417 0.0250 0.0710
0 0.3606 0.3003 0.0291 0.0541
0 0.4212 0.2752 0.0250 0.0259
0 0.4522 0.2738 0.0282 0.0300
0 0.3357 0.2822 0.0275 0.0321
0 0.3705 0.2818 0.0270 0.0322
0 0.8351 0.3202 0.0553 0.0369
0 0.6173 0.2635 0.0188 0.0281
0 0.5538 0.2684 0.0174 0.0243
0 0.0074 0.3377 0.0187 0.0259
0 0.4676 0.9934 0.0256 0.0180
