0 0.4809 0.3718 0.0348 0.0536
0 0.4344 0.3430 0.0407 0.0406
0 0.5958 0.3480 0.0221 0.0546
0 0.5143 0.6216 0.0238 0.0764
0 0.2776 0.6282 0.0227 0.0720
0 0.5558 0.5255 0.0229 0.0657
0 0.5281 0.4784 0.0217 0.0572
0 0.5449 0.2989 0.0270 0.0413
0 0.7424 0.3315 0.0185 0.0489
0 0.4890 0.3105 0.0217 0.0455
0 0.5427 0.4066 0.0217 0.0514
0 0.5784 0.4190 0.0216 0.0628
0 0.6026 0.4546 0.0200 0.0699
0 0.3543 0.9021 0.0240 0.0860
0 0.7934 0.3306 0.0250 0.0521
0 0.8361 0.3363 0.0451 0.0482
0 0.3620 0.3034 0.0274 0.0534
0 0.6173 0.3114 0.0257 0.0586
0 0.2883 0.4244 0.0480 0.0301
0 0.6952 0.2937 0.0267 0.0493
0 0.6767 0.3396 0.0216 0.0583
0 0.4672 0.9767 0.0324 0.0501
0 0.3383 0.4666 0.0227 0.0539
0 0.4531 0.2734 0.0274 0.0292
0 0.4960 0.2557 0.0318 0.0499
0 0.3348 0.2825 0.0243 0.0351
0 0.4224 0.2748 0.0216 0.0244
0 0.3716 0.2792 0.0254 0.0284
0 0.6169 0.2634 0.0191 0.0280
0 0.5534 0.2671 0.0191 0.0237
0 0.8381 0.3206 0.0495 0.0358
0 0.0076 0.3377 0.0190 0.0259
