0 0.4372 0.3408 0.0386 0.0447
0 0.3392 0.4735 0.0248 0.0566
0 0.4851 0.3703 0.0373 0.0508
0 0.4589 0.9449 0.0303 0.0854
0 0.2776 0.6285 0.0229 0.0721
0 0.5194 0.5941 0.0214 0.0679
0 0.5303 0.4807 0.0231 0.0536
0 0.5954 0.3508 0.0227 0.0542
0 0.5417 0.4079 0.0217 0.0521
0 0.5565 0.5181 0.0214 0.0702
0 0.7925 0.3314 0.0238 0.0567
0 0.7424 0.3315 0.0185 0.0514
0 0.5450 0.2983 0.0274 0.0407
0 0.8365 0.3359 0.0434 0.0496
0 0.5865 0.4211 0.0345 0.0618
0 0.4887 0.3106 0.0224 0.0451
0 0.6961 0.2962 0.0256 0.0578
0 0.6167 0.3118 0.0274 0.0623
0 0.6759 0.3402 0.0210 0.0654
0 0.2886 0.4246 0.0486 0.0302
0 0.4544 0.2721 0.0319 0.0280
0 0.3540 0.8990 0.0244 0.0837
0 0.3608 0.3037 0.0282 0.0511
0 0.3728 0.2805 0.0231 0.0322
0 0.4965 0.2617 0.0303 0.0525
0 0.3364 0.2811 0.0231 0.0312
0 0.4188 0.2746 0.0191 0.0225
0 0.5530 0.2690 0.0185 0.0255
0 0.6166 0.2645 0.0196 0.0289
0 0.0074 0.3379 0.0187 0.0262
0 0.5022 0.2477 0.0347 0.0352
