0 0.4405 0.3361 0.0364 0.0461
0 0.4885 0.3719 0.0396 0.0461
0 0.3398 0.4765 0.0244 0.0593
0 0.2774 0.6287 0.0229 0.0718
0 0.5588 0.5102 0.0211 0.0658
0 0.4443 0.8863 0.0266 0.0729
0 0.4884 0.3113 0.0191 0.0454
0 0.6954 0.3012 0.0265 0.0552
0 0.5447 0.2992 0.0257 0.0395
0 0.6169 0.3110 0.0271 0.0601
0 0.5313 0.4784 0.0269 0.0488
0 0.7424 0.3316 0.0184 0.0514
0 0.7925 0.3316 0.0240 0.0569
0 0.5954 0.3506 0.0231 0.0502
0 0.5759 0.4002 0.0272 0.0684
0 0.8358 0.3385 0.0409 0.0526
0 0.5119 0.5679 0.0212 0.0717
0 0.5388 0.4092 0.0218 0.0564
0 0.6762 0.3410 0.0221 0.0595
0 0.2884 0.4245 0.0487 0.0300
0 0.3372 0.2817 0.0235 0.0335
0 0.3597 0.3064 0.0272 0.0484
0 0.3754 0.2796 0.0267 0.0299
0 0.4569 0.2718 0.0277 0.0266
0 0.3543 0.8958 0.0255 0.0810
0 0.4932 0.2654 0.0282 0.0379
0 0.4211 0.2735 0.0204 0.0232
0 0.5032 0.2464 0.0361 0.0322
0 0.6165 0.2644 0.0204 0.0288
0 0.5540 0.2676 0.0168 0.0249
0 0.0074 0.3378 0.0188 0.0261
