0 0.4424 0.3352 0.0353 0.0485
0 0.4916 0.3718 0.0424 0.0428
0 0.2772 0.6288 0.0229 0.0724
0 0.3375 0.4750 0.0236 0.0562
0 0.5144 0.5549 0.0200 0.0763
0 0.5449 0.2992 0.0258 0.0384
0 0.5307 0.4775 0.0297 0.0457
0 0.4882 0.3117 0.0202 0.0481
0 0.6962 0.3010 0.0296 0.0551
0 0.6161 0.3104 0.0274 0.0598
0 0.7955 0.3301 0.0298 0.0552
0 0.5615 0.5059 0.0192 0.0662
0 0.8385 0.3324 0.0412 0.0465
0 0.5961 0.3509 0.0232 0.0524
0 0.7433 0.3320 0.0176 0.0505
0 0.6754 0.3403 0.0221 0.0628
0 0.5764 0.4030 0.0219 0.0634
0 0.5666 0.3678 0.0220 0.0570
0 0.3601 0.3060 0.0284 0.0494
0 0.2884 0.4244 0.0484 0.0302
0 0.4892 0.2688 0.0302 0.0364
0 0.5371 0.4089 0.0236 0.0552
0 0.3737 0.2813 0.0266 0.0297
0 0.3394 0.2816 0.0231 0.0318
0 0.3601 0.8893 0.0258 0.0799
0 0.4594 0.2739 0.0236 0.0276
0 0.7395 0.9667 0.0280 0.0711
0 0.5037 0.2461 0.0383 0.0347
0 0.4197 0.2742 0.0222 0.0228
0 0.4359 0.8370 0.0307 0.0779
0 0.6164 0.2638 0.0191 0.0285
0 0.0077 0.3379 0.0191 0.0261
0 0.8289 0.3583 0.0276 0.0395
0 0.5546 0.2656 0.0164 0.0256
