0 0.2907 0.4219 0.0386 0.0595
0 0.2982 0.6509 0.0325 0.0839
0 0.4062 0.3037 0.0221 0.0505
0 0.7431 0.3324 0.0217 0.0529
0 0.9042 0.4745 0.0230 0.0683
0 0.3311 0.2732 0.0261 0.0552
0 0.6505 0.5771 0.0385 0.0576
0 0.4840 0.3079 0.0253 0.0440
0 0.8069 0.3497 0.0202 0.0567
0 0.5443 0.2988 0.0226 0.0467
0 0.5030 0.4149 0.0468 0.0367
0 0.5093 0.3511 0.0241 0.0583
0 0.5411 0.3433 0.0336 0.0499
0 0.3523 0.6483 0.0359 0.0720
0 0.7746 0.3336 0.0283 0.0488
0 0.3752 0.2797 0.0262 0.0319
0 0.5731 0.3627 0.0380 0.0396
0 0.2709 0.6462 0.0393 0.0597
0 0.4882 0.2731 0.0206 0.0262
0 0.8290 0.3269 0.0199 0.0544
0 0.6462 0.2961 0.0412 0.0340
0 0.8132 0.2989 0.0427 0.0284
0 0.6768 0.3362 0.0342 0.0485
0 0.6159 0.2675 0.0217 0.0317
0 0.4217 0.2757 0.0250 0.0286
0 0.5494 0.2680 0.0202 0.0239
