0 0.4937 0.3733 0.0454 0.0405
0 0.5124 0.5456 0.0202 0.0705
0 0.4445 0.3304 0.0341 0.0521
0 0.2772 0.6286 0.0224 0.0718
0 0.5843 0.3460 0.0369 0.0549
0 0.5289 0.4789 0.0288 0.0506
0 0.3377 0.4732 0.0221 0.0538
0 0.4887 0.3123 0.0195 0.0466
0 0.5457 0.2996 0.0277 0.0396
0 0.5320 0.4138 0.0340 0.0531
0 0.5783 0.4036 0.0216 0.0617
0 0.6968 0.3009 0.0256 0.0501
0 0.8391 0.3322 0.0425 0.0458
0 0.6140 0.3091 0.0283 0.0575
0 0.7435 0.3318 0.0181 0.0498
0 0.7964 0.3283 0.0318 0.0509
0 0.4164 0.7912 0.0391 0.0715
0 0.6757 0.3380 0.0215 0.0644
0 0.7406 0.8966 0.0276 0.0810
0 0.2882 0.4242 0.0477 0.0302
0 0.3587 0.3071 0.0222 0.0470
0 0.3835 0.2778 0.0239 0.0291
0 0.5107 0.2550 0.0416 0.0354
0 0.3604 0.8846 0.0262 0.0824
0 0.4730 0.2714 0.0333 0.0312
0 0.3401 0.2808 0.0257 0.0296
0 0.5635 0.4974 0.0189 0.0644
0 0.4221 0.2722 0.0196 0.0230
0 0.6164 0.2642 0.0198 0.0291
0 0.4618 0.2724 0.0239 0.0284
0 0.0074 0.3379 0.0187 0.0263
0 0.8284 0.3588 0.0277 0.0348
0 0.5558 0.2686 0.0170 0.0266
