0 0.5880 0.3338 0.0288 0.0682
0 0.4446 0.3288 0.0337 0.0534
0 0.5283 0.4163 0.0322 0.0542
0 0.2774 0.6286 0.0225 0.0720
0 0.5261 0.4810 0.0367 0.0459
0 0.3371 0.4732 0.0226 0.0551
0 0.4966 0.3754 0.0419 0.0410
0 0.4888 0.3120 0.0232 0.0505
0 0.5764 0.4008 0.0242 0.0648
0 0.6968 0.3014 0.0298 0.0520
0 0.8401 0.3359 0.0433 0.0489
0 0.7438 0.3317 0.0179 0.0501
0 0.5650 0.4946 0.0197 0.0663
0 0.5446 0.3000 0.0257 0.0430
0 0.7999 0.3276 0.0392 0.0485
0 0.7108 0.8073 0.0237 0.0838
0 0.6755 0.3375 0.0205 0.0641
0 0.6129 0.3082 0.0280 0.0583
0 0.2883 0.4239 0.0477 0.0299
0 0.4771 0.2717 0.0259 0.0264
0 0.3916 0.7550 0.0395 0.0666
0 0.5095 0.5390 0.0227 0.0636
0 0.3587 0.3055 0.0258 0.0487
0 0.3597 0.8810 0.0271 0.0829
0 0.3846 0.2812 0.0297 0.0299
0 0.3395 0.2818 0.0269 0.0307
0 0.5186 0.2747 0.0334 0.0306
0 0.5521 0.2668 0.0186 0.0241
0 0.4221 0.2718 0.0203 0.0236
0 0.6167 0.2637 0.0207 0.0299
0 0.0073 0.3379 0.0184 0.0265
