0 0.5269 0.4158 0.0309 0.0557
0 0.4453 0.3277 0.0320 0.0500
0 0.5896 0.3431 0.0297 0.0561
0 0.2773 0.6285 0.0225 0.0715
0 0.4894 0.3108 0.0225 0.0479
0 0.5641 0.4855 0.0202 0.0614
0 0.8416 0.3366 0.0437 0.0491
0 0.3368 0.4721 0.0211 0.0547
0 0.4962 0.3750 0.0437 0.0416
0 0.7436 0.3316 0.0178 0.0506
0 0.5080 0.5186 0.0212 0.0634
0 0.6978 0.3033 0.0284 0.0529
0 0.7997 0.3272 0.0409 0.0499
0 0.4829 0.2719 0.0337 0.0266
0 0.6745 0.3355 0.0193 0.0671
0 0.6118 0.3073 0.0308 0.0536
0 0.5259 0.4845 0.0355 0.0509
0 0.6632 0.7223 0.0238 0.0749
0 0.2883 0.4238 0.0476 0.0299
0 0.5476 0.3065 0.0396 0.0437
0 0.3552 0.8827 0.0277 0.0767
0 0.5730 0.3980 0.0261 0.0652
0 0.3682 0.2960 0.0267 0.0499
0 0.3558 0.3006 0.0257 0.0514
0 0.3529 0.7164 0.0361 0.0649
0 0.4191 0.2757 0.0198 0.0270
0 0.5547 0.2680 0.0184 0.0238
0 0.3413 0.2810 0.0351 0.0290
0 0.6164 0.2662 0.0205 0.0311
0 0.5382 0.3245 0.0468 0.0396
0 0.0068 0.3379 0.0176 0.0265
