0 0.2777 0.6288 0.0242 0.0728
0 0.5650 0.4803 0.0201 0.0652
0 0.3361 0.4738 0.0213 0.0534
0 0.4888 0.3108 0.0199 0.0476
0 0.8390 0.3356 0.0440 0.0534
0 0.5252 0.4204 0.0332 0.0576
0 0.7432 0.3322 0.0177 0.0497
0 0.5167 0.4955 0.0299 0.0691
0 0.5964 0.3499 0.0256 0.0440
0 0.6745 0.3349 0.0222 0.0679
0 0.5448 0.3011 0.0230 0.0408
0 0.4463 0.3245 0.0313 0.0539
0 0.3605 0.2960 0.0254 0.0498
0 0.7988 0.3273 0.0391 0.0493
0 0.6118 0.3066 0.0288 0.0492
0 0.2884 0.4236 0.0479 0.0299
0 0.4901 0.2719 0.0218 0.0281
0 0.3136 0.6805 0.0347 0.0727
0 0.5516 0.3432 0.0282 0.0402
0 0.5964 0.6504 0.0240 0.0724
0 0.3590 0.8829 0.0290 0.0811
0 0.4989 0.3766 0.0469 0.0385
0 0.5696 0.3904 0.0406 0.0550
0 0.4197 0.2764 0.0179 0.0284
0 0.6976 0.3108 0.0320 0.0473
0 0.3388 0.2814 0.0246 0.0302
0 0.6154 0.2654 0.0214 0.0300
0 0.5562 0.2676 0.0170 0.0228
0 0.0071 0.3378 0.0181 0.0265
