0 0.5112 0.5915 0.0267 0.0695
0 0.3349 0.4741 0.0213 0.0556
0 0.5455 0.3000 0.0262 0.0380
0 0.5168 0.4908 0.0244 0.0706
0 0.5965 0.3506 0.0250 0.0466
0 0.4892 0.3107 0.0192 0.0472
0 0.6748 0.3363 0.0223 0.0636
0 0.8410 0.3341 0.0485 0.0517
0 0.7430 0.3319 0.0179 0.0503
0 0.3781 0.2971 0.0274 0.0472
0 0.5691 0.4732 0.0216 0.0644
0 0.2885 0.4234 0.0482 0.0303
0 0.3606 0.8859 0.0259 0.0809
0 0.4912 0.2712 0.0204 0.0282
0 0.6108 0.3054 0.0309 0.0544
0 0.5046 0.3757 0.0486 0.0431
0 0.2762 0.6461 0.0248 0.0976
0 0.5224 0.4256 0.0355 0.0506
0 0.4471 0.3227 0.0276 0.0528
0 0.7959 0.3282 0.0306 0.0505
0 0.5135 0.3496 0.0392 0.0442
0 0.5703 0.3906 0.0271 0.0601
0 0.6980 0.3115 0.0279 0.0570
0 0.4188 0.2742 0.0170 0.0218
0 0.3383 0.2816 0.0242 0.0316
0 0.6160 0.5051 0.0432 0.0551
0 0.5558 0.2672 0.0170 0.0223
0 0.6142 0.2644 0.0228 0.0291
0 0.0076 0.3379 0.0190 0.0261
