0 0.6737 0.3354 0.0230 0.0661
0 0.3344 0.4751 0.0197 0.0555
0 0.5453 0.2997 0.0266 0.0383
0 0.4888 0.3099 0.0198 0.0471
0 0.5164 0.4902 0.0272 0.0648
0 0.8395 0.3413 0.0476 0.0546
0 0.4483 0.3179 0.0299 0.0522
0 0.3857 0.3057 0.0212 0.0427
0 0.7433 0.3317 0.0174 0.0515
0 0.5963 0.3518 0.0242 0.0475
0 0.2713 0.6356 0.0331 0.0836
0 0.5675 0.4673 0.0226 0.0620
0 0.2888 0.4232 0.0474 0.0300
0 0.5152 0.4331 0.0363 0.0508
0 0.7954 0.3289 0.0316 0.0497
0 0.4575 0.3731 0.0312 0.0555
0 0.5695 0.3874 0.0273 0.0589
0 0.4919 0.2721 0.0204 0.0286
0 0.5046 0.3762 0.0439 0.0411
0 0.3590 0.8832 0.0253 0.0841
0 0.4184 0.2751 0.0167 0.0225
0 0.3418 0.2805 0.0336 0.0300
0 0.6091 0.3015 0.0249 0.0537
0 0.4376 0.5292 0.0284 0.0520
0 0.6968 0.3104 0.0288 0.0533
0 0.7024 0.3281 0.0234 0.0531
0 0.6156 0.2647 0.0217 0.0308
0 0.8389 0.3154 0.0419 0.0315
0 0.0075 0.3379 0.0190 0.0263
0 0.5556 0.2671 0.0187 0.0210
