0 0.4471 0.3180 0.0283 0.0545
0 0.5167 0.4915 0.0294 0.0641
0 0.6733 0.3330 0.0271 0.0676
0 0.3343 0.4773 0.0197 0.0559
0 0.5458 0.2996 0.0278 0.0381
0 0.4891 0.3105 0.0201 0.0471
0 0.4062 0.4102 0.0276 0.0646
0 0.5669 0.4582 0.0229 0.0644
0 0.5033 0.3772 0.0465 0.0385
0 0.7433 0.3315 0.0177 0.0507
0 0.3875 0.3119 0.0192 0.0539
0 0.5143 0.4331 0.0355 0.0517
0 0.3611 0.8822 0.0231 0.0846
0 0.8381 0.3437 0.0429 0.0548
0 0.5688 0.3829 0.0265 0.0590
0 0.2889 0.4232 0.0478 0.0298
0 0.5965 0.3520 0.0238 0.0484
0 0.7964 0.3276 0.0315 0.0497
0 0.4913 0.2721 0.0213 0.0279
0 0.2683 0.6398 0.0397 0.0862
0 0.7033 0.3290 0.0245 0.0579
0 0.6055 0.2981 0.0213 0.0498
0 0.4190 0.2755 0.0159 0.0217
0 0.3717 0.5033 0.0239 0.0750
0 0.3438 0.2826 0.0320 0.0348
0 0.5558 0.2688 0.0183 0.0225
0 0.3538 0.2880 0.0261 0.0429
0 0.8403 0.3170 0.0373 0.0356
0 0.0077 0.3378 0.0193 0.0261
0 0.6147 0.2639 0.0239 0.0289
0 0.6963 0.3140 0.0268 0.0591
