0 0.5066 0.3766 0.0462 0.0399
0 0.4487 0.3143 0.0258 0.0527
0 0.5656 0.3752 0.0251 0.0577
0 0.5213 0.4882 0.0357 0.0556
0 0.3292 0.4693 0.0285 0.0718
0 0.4893 0.3101 0.0207 0.0477
0 0.5452 0.2998 0.0264 0.0381
0 0.5676 0.4508 0.0223 0.0617
0 0.3852 0.4217 0.0295 0.0615
0 0.8366 0.3378 0.0392 0.0597
0 0.7962 0.3294 0.0388 0.0500
0 0.7431 0.3310 0.0178 0.0508
0 0.5129 0.4352 0.0322 0.0509
0 0.5964 0.3518 0.0256 0.0480
0 0.6740 0.3282 0.0307 0.0696
0 0.3607 0.8817 0.0229 0.0850
0 0.7040 0.3325 0.0252 0.0562
0 0.4921 0.2715 0.0205 0.0284
0 0.2887 0.4228 0.0482 0.0303
0 0.2692 0.6451 0.0384 0.0899
0 0.6052 0.2948 0.0227 0.0538
0 0.4192 0.2756 0.0185 0.0227
0 0.3704 0.2990 0.0217 0.0511
0 0.3871 0.3234 0.0204 0.0503
0 0.3442 0.2826 0.0307 0.0345
0 0.5565 0.2690 0.0186 0.0218
0 0.3546 0.2879 0.0264 0.0426
0 0.6149 0.2662 0.0232 0.0322
0 0.0074 0.3378 0.0188 0.0263
