0 0.4477 0.3106 0.0277 0.0529
0 0.3856 0.4096 0.0357 0.0579
0 0.5112 0.3759 0.0437 0.0422
0 0.5192 0.4850 0.0309 0.0592
0 0.5451 0.2996 0.0252 0.0381
0 0.5637 0.3662 0.0245 0.0559
0 0.5665 0.4434 0.0186 0.0616
0 0.4893 0.3100 0.0201 0.0482
0 0.5964 0.3518 0.0249 0.0482
0 0.3330 0.4814 0.0199 0.0543
0 0.3622 0.8762 0.0232 0.0860
0 0.7034 0.3394 0.0263 0.0527
0 0.7421 0.3306 0.0187 0.0481
0 0.7971 0.3295 0.0390 0.0473
0 0.8376 0.3359 0.0378 0.0587
0 0.6731 0.3292 0.0315 0.0628
0 0.3151 0.4428 0.0316 0.0688
0 0.5128 0.4349 0.0313 0.0496
0 0.3888 0.3326 0.0233 0.0510
0 0.4921 0.2714 0.0199 0.0280
0 0.2693 0.6402 0.0421 0.0872
0 0.4201 0.2756 0.0182 0.0246
0 0.6054 0.2963 0.0227 0.0499
0 0.3459 0.2831 0.0293 0.0334
0 0.5555 0.2682 0.0189 0.0223
0 0.3539 0.2873 0.0255 0.0404
0 0.2840 0.4224 0.0405 0.0307
0 0.6143 0.2681 0.0227 0.0342
0 0.0075 0.3379 0.0189 0.0264
