0 0.5151 0.3737 0.0434 0.0446
0 0.4491 0.3081 0.0264 0.0496
0 0.5221 0.4794 0.0336 0.0549
0 0.5459 0.2996 0.0267 0.0387
0 0.4889 0.3109 0.0217 0.0484
0 0.3664 0.8652 0.0231 0.0899
0 0.3323 0.4850 0.0226 0.0582
0 0.5110 0.4357 0.0339 0.0477
0 0.3886 0.3414 0.0255 0.0467
0 0.6726 0.3282 0.0292 0.0646
0 0.7419 0.3297 0.0189 0.0466
0 0.7959 0.3307 0.0442 0.0391
0 0.7055 0.3504 0.0269 0.0566
0 0.5658 0.4361 0.0193 0.0557
0 0.3900 0.4096 0.0318 0.0549
0 0.5614 0.3609 0.0245 0.0584
0 0.2712 0.6382 0.0373 0.0814
0 0.5957 0.3535 0.0255 0.0474
0 0.8337 0.3412 0.0349 0.0609
0 0.6042 0.2944 0.0247 0.0501
0 0.4917 0.2712 0.0207 0.0275
0 0.3289 0.4305 0.0352 0.0680
0 0.4201 0.2761 0.0188 0.0255
0 0.3476 0.2820 0.0328 0.0313
0 0.2879 0.4218 0.0458 0.0333
0 0.8405 0.3169 0.0381 0.0412
0 0.5550 0.2673 0.0204 0.0213
0 0.6149 0.2659 0.0218 0.0309
0 0.3587 0.2819 0.0215 0.0330
0 0.0076 0.3377 0.0192 0.0261
