0 0.2908 0.4219 0.0390 0.0596
0 0.3071 0.7079 0.0278 0.0918
0 0.4070 0.3035 0.0220 0.0499
0 0.8051 0.3488 0.0219 0.0564
0 0.3316 0.2723 0.0279 0.0542
0 0.9033 0.4698 0.0276 0.0707
0 0.5064 0.4158 0.0476 0.0339
0 0.7431 0.3325 0.0216 0.0524
0 0.5438 0.3426 0.0372 0.0472
0 0.4841 0.3087 0.0256 0.0440
0 0.6824 0.3392 0.0313 0.0520
0 0.5444 0.2987 0.0236 0.0456
0 0.6090 0.5968 0.0391 0.0598
0 0.2722 0.6459 0.0402 0.0590
0 0.5733 0.3630 0.0380 0.0411
0 0.7714 0.3331 0.0276 0.0490
0 0.4301 0.6656 0.0245 0.0764
0 0.4903 0.2725 0.0207 0.0279
0 0.8286 0.3273 0.0212 0.0581
0 0.6463 0.2963 0.0454 0.0329
0 0.8129 0.3002 0.0510 0.0298
0 0.6149 0.2655 0.0226 0.0290
0 0.3732 0.2884 0.0249 0.0450
0 0.5105 0.3584 0.0240 0.0551
0 0.4207 0.2761 0.0251 0.0280
0 0.5492 0.2675 0.0196 0.0233
