0 0.3333 0.4842 0.0205 0.0616
0 0.6654 0.3280 0.0329 0.0620
0 0.5236 0.4791 0.0312 0.0552
0 0.4504 0.3060 0.0275 0.0500
0 0.4888 0.3107 0.0237 0.0488
0 0.5227 0.3704 0.0417 0.0460
0 0.5451 0.3000 0.0266 0.0386
0 0.5075 0.4375 0.0349 0.0497
0 0.3745 0.4484 0.0326 0.0675
0 0.7414 0.3316 0.0189 0.0484
0 0.8338 0.3399 0.0326 0.0706
0 0.2705 0.6388 0.0394 0.0830
0 0.3662 0.8617 0.0226 0.0872
0 0.7964 0.3300 0.0407 0.0425
0 0.5607 0.3523 0.0200 0.0581
0 0.5959 0.3535 0.0264 0.0487
0 0.3889 0.3460 0.0224 0.0498
0 0.5658 0.4259 0.0237 0.0602
0 0.2881 0.4229 0.0469 0.0307
0 0.7090 0.3556 0.0252 0.0554
0 0.3909 0.3991 0.0304 0.0502
0 0.4939 0.2713 0.0197 0.0273
0 0.6049 0.2923 0.0215 0.0495
0 0.4206 0.2759 0.0191 0.0256
0 0.3447 0.2813 0.0291 0.0294
0 0.3595 0.2806 0.0190 0.0292
0 0.6144 0.2712 0.0206 0.0405
0 0.5555 0.2661 0.0217 0.0210
0 0.0078 0.3377 0.0195 0.0261
