0 0.2705 0.6362 0.0389 0.0781
0 0.3314 0.4883 0.0215 0.0597
0 0.4517 0.3027 0.0267 0.0463
0 0.7412 0.3316 0.0190 0.0496
0 0.4889 0.3099 0.0233 0.0487
0 0.4247 0.4746 0.0338 0.0740
0 0.5231 0.4790 0.0294 0.0551
0 0.6635 0.3296 0.0286 0.0627
0 0.5664 0.4174 0.0251 0.0614
0 0.7086 0.3649 0.0271 0.0534
0 0.7981 0.3333 0.0427 0.0393
0 0.5582 0.3457 0.0222 0.0559
0 0.3913 0.3981 0.0289 0.0526
0 0.3635 0.8539 0.0231 0.0803
0 0.5956 0.3537 0.0275 0.0491
0 0.3881 0.3462 0.0218 0.0495
0 0.5443 0.2993 0.0253 0.0381
0 0.5065 0.4395 0.0386 0.0524
0 0.5273 0.3676 0.0410 0.0447
0 0.2881 0.4232 0.0476 0.0296
0 0.8391 0.3153 0.0341 0.0562
0 0.8336 0.3482 0.0300 0.0605
0 0.4933 0.2709 0.0191 0.0255
0 0.6044 0.2895 0.0229 0.0512
0 0.3444 0.2805 0.0337 0.0296
0 0.4211 0.2759 0.0191 0.0254
0 0.6132 0.2768 0.0220 0.0491
0 0.5561 0.2675 0.0205 0.0219
0 0.3600 0.2792 0.0222 0.0289
0 0.0074 0.3380 0.0186 0.0269
