0 0.3331 0.4922 0.0226 0.0625
0 0.2705 0.6336 0.0388 0.0724
0 0.6645 0.3289 0.0290 0.0640
0 0.5242 0.4784 0.0292 0.0551
0 0.7410 0.3321 0.0188 0.0509
0 0.7974 0.3344 0.0333 0.0468
0 0.7093 0.3737 0.0244 0.0534
0 0.5578 0.3428 0.0216 0.0567
0 0.4532 0.3005 0.0252 0.0452
0 0.3621 0.8476 0.0219 0.0836
0 0.5249 0.3667 0.0371 0.0495
0 0.4893 0.3104 0.0226 0.0460
0 0.5650 0.4108 0.0205 0.0634
0 0.4721 0.4971 0.0324 0.0670
0 0.5963 0.3539 0.0280 0.0483
0 0.3879 0.3463 0.0208 0.0504
0 0.5445 0.2991 0.0251 0.0380
0 0.4881 0.2726 0.0256 0.0271
0 0.8319 0.3467 0.0285 0.0652
0 0.2880 0.4233 0.0474 0.0296
0 0.5094 0.4403 0.0316 0.0578
0 0.8382 0.3110 0.0344 0.0449
0 0.3916 0.3955 0.0278 0.0542
0 0.3397 0.2804 0.0271 0.0300
0 0.6045 0.2885 0.0232 0.0520
0 0.4216 0.2752 0.0203 0.0250
0 0.4966 0.4416 0.0303 0.0552
0 0.5576 0.2674 0.0200 0.0215
0 0.6130 0.2750 0.0225 0.0449
0 0.0074 0.3380 0.0187 0.0267
