0 0.2699 0.6311 0.0369 0.0702
0 0.7410 0.3322 0.0188 0.0511
0 0.3339 0.4949 0.0238 0.0674
0 0.5248 0.3659 0.0376 0.0503
0 0.6659 0.3280 0.0257 0.0638
0 0.4894 0.3103 0.0215 0.0488
0 0.3646 0.8415 0.0220 0.0821
0 0.5576 0.3399 0.0219 0.0554
0 0.7091 0.3819 0.0208 0.0573
0 0.7940 0.3361 0.0226 0.0517
0 0.4544 0.2979 0.0295 0.0424
0 0.4950 0.4403 0.0381 0.0492
0 0.5641 0.4023 0.0220 0.0614
0 0.5961 0.3541 0.0283 0.0482
0 0.3885 0.3453 0.0221 0.0481
0 0.5450 0.2993 0.0248 0.0383
0 0.8313 0.3482 0.0278 0.0610
0 0.4853 0.2727 0.0256 0.0268
0 0.2884 0.4233 0.0484 0.0298
0 0.5213 0.4537 0.0263 0.0543
0 0.5132 0.5070 0.0385 0.0577
0 0.3388 0.2807 0.0260 0.0304
0 0.8324 0.3099 0.0383 0.0407
0 0.4203 0.2761 0.0187 0.0248
0 0.3639 0.2765 0.0206 0.0245
0 0.3919 0.3910 0.0281 0.0571
0 0.6054 0.2885 0.0211 0.0537
0 0.5226 0.4899 0.0339 0.0572
0 0.5579 0.2659 0.0203 0.0206
0 0.6117 0.2764 0.0242 0.0463
0 0.0074 0.3379 0.0187 0.0265
