0 0.3327 0.4946 0.0240 0.0659
0 0.7412 0.3322 0.0190 0.0509
0 0.4905 0.4407 0.0413 0.0476
0 0.2693 0.6286 0.0377 0.0702
0 0.3660 0.8324 0.0227 0.0810
0 0.4895 0.3105 0.0212 0.0503
0 0.5258 0.3641 0.0390 0.0505
0 0.6635 0.3258 0.0324 0.0625
0 0.7954 0.3386 0.0249 0.0585
0 0.5585 0.3378 0.0216 0.0536
0 0.4557 0.2977 0.0270 0.0427
0 0.3956 0.3873 0.0291 0.0563
0 0.7061 0.3891 0.0219 0.0608
0 0.5442 0.2988 0.0255 0.0376
0 0.5969 0.3542 0.0270 0.0496
0 0.2887 0.4231 0.0469 0.0307
0 0.3886 0.3447 0.0221 0.0457
0 0.5206 0.4602 0.0280 0.0595
0 0.8334 0.3512 0.0283 0.0550
0 0.5374 0.5059 0.0353 0.0658
0 0.4898 0.2727 0.0207 0.0282
0 0.3388 0.2809 0.0239 0.0305
0 0.8285 0.3127 0.0349 0.0449
0 0.4198 0.2753 0.0186 0.0243
0 0.5627 0.3906 0.0231 0.0660
0 0.5583 0.2688 0.0183 0.0227
0 0.3650 0.2761 0.0200 0.0248
0 0.6029 0.2825 0.0218 0.0506
0 0.6140 0.2742 0.0214 0.0438
0 0.0077 0.3377 0.0193 0.0259
