0 0.4854 0.4446 0.0417 0.0493
0 0.5529 0.5066 0.0380 0.0645
0 0.3330 0.4952 0.0235 0.0656
0 0.6624 0.3280 0.0336 0.0589
0 0.3965 0.3851 0.0300 0.0561
0 0.2663 0.6264 0.0310 0.0721
0 0.3680 0.8282 0.0242 0.0766
0 0.7412 0.3317 0.0188 0.0490
0 0.7963 0.3368 0.0247 0.0595
0 0.7026 0.3986 0.0217 0.0529
0 0.4899 0.3107 0.0213 0.0485
0 0.5242 0.3646 0.0367 0.0512
0 0.5597 0.3842 0.0218 0.0632
0 0.8273 0.3101 0.0359 0.0485
0 0.4559 0.2970 0.0272 0.0426
0 0.5590 0.3360 0.0216 0.0556
0 0.5449 0.2985 0.0273 0.0366
0 0.4859 0.2735 0.0259 0.0274
0 0.5197 0.4805 0.0353 0.0467
0 0.2886 0.4233 0.0464 0.0307
0 0.8315 0.3536 0.0297 0.0487
0 0.3878 0.3436 0.0205 0.0446
0 0.5213 0.4521 0.0260 0.0494
0 0.3697 0.2748 0.0215 0.0258
0 0.5978 0.3548 0.0262 0.0499
0 0.3382 0.2807 0.0231 0.0314
0 0.4211 0.2757 0.0184 0.0247
0 0.6007 0.2806 0.0212 0.0462
0 0.5574 0.2663 0.0196 0.0218
0 0.6130 0.2745 0.0196 0.0423
0 0.0076 0.3378 0.0190 0.0259
