0 0.4816 0.4473 0.0424 0.0444
0 0.6608 0.3286 0.0352 0.0571
0 0.6989 0.4045 0.0313 0.0535
0 0.3975 0.3826 0.0272 0.0560
0 0.2659 0.6238 0.0299 0.0769
0 0.3342 0.4957 0.0228 0.0631
0 0.5238 0.3655 0.0391 0.0484
0 0.5741 0.5158 0.0398 0.0580
0 0.4898 0.3106 0.0212 0.0488
0 0.5606 0.3800 0.0226 0.0598
0 0.7413 0.3311 0.0189 0.0481
0 0.5226 0.4423 0.0227 0.0518
0 0.5256 0.4861 0.0432 0.0410
0 0.7948 0.3370 0.0256 0.0494
0 0.5452 0.2990 0.0261 0.0381
0 0.3685 0.8253 0.0247 0.0797
0 0.5595 0.3346 0.0203 0.0540
0 0.4566 0.2952 0.0253 0.0445
0 0.2886 0.4234 0.0463 0.0317
0 0.3875 0.3438 0.0211 0.0446
0 0.8252 0.3100 0.0393 0.0431
0 0.8314 0.3531 0.0300 0.0487
0 0.4896 0.2734 0.0206 0.0287
0 0.3368 0.2807 0.0237 0.0314
0 0.3685 0.2747 0.0230 0.0240
0 0.5989 0.3551 0.0244 0.0507
0 0.4210 0.2754 0.0188 0.0234
0 0.6001 0.2766 0.0223 0.0365
0 0.6126 0.2773 0.0214 0.0455
0 0.0075 0.3378 0.0188 0.0260
