0 0.4775 0.4517 0.0439 0.0439
0 0.6942 0.4092 0.0351 0.0508
0 0.6594 0.3287 0.0330 0.0580
0 0.3979 0.3811 0.0266 0.0559
0 0.5248 0.4864 0.0416 0.0411
0 0.5219 0.4395 0.0230 0.0552
0 0.5606 0.3769 0.0232 0.0616
0 0.4896 0.3105 0.0213 0.0481
0 0.7416 0.3310 0.0182 0.0483
0 0.5239 0.3666 0.0399 0.0471
0 0.3338 0.4967 0.0225 0.0623
0 0.7944 0.3361 0.0249 0.0501
0 0.2684 0.6193 0.0273 0.0880
0 0.5469 0.3007 0.0296 0.0372
0 0.4567 0.2950 0.0233 0.0469
0 0.2887 0.4233 0.0460 0.0317
0 0.8324 0.3535 0.0313 0.0486
0 0.3874 0.3457 0.0223 0.0487
0 0.4885 0.2730 0.0232 0.0286
0 0.3662 0.8193 0.0244 0.0755
0 0.3353 0.2812 0.0244 0.0331
0 0.3731 0.2735 0.0221 0.0235
0 0.5992 0.3591 0.0237 0.0513
0 0.6027 0.5341 0.0405 0.0595
0 0.5595 0.3315 0.0204 0.0550
0 0.8256 0.3070 0.0340 0.0450
0 0.5587 0.2661 0.0185 0.0222
0 0.4234 0.2742 0.0176 0.0237
0 0.5955 0.2732 0.0256 0.0309
0 0.6143 0.2723 0.0188 0.0365
0 0.0077 0.3379 0.0193 0.0260
