0 0.4025 0.3783 0.0319 0.0537
0 0.6883 0.4127 0.0326 0.0492
0 0.5251 0.4868 0.0421 0.0390
0 0.4707 0.4563 0.0459 0.0393
0 0.5611 0.3765 0.0251 0.0598
0 0.6577 0.3257 0.0348 0.0559
0 0.4897 0.3108 0.0210 0.0491
0 0.5245 0.3655 0.0418 0.0447
0 0.7417 0.3312 0.0187 0.0485
0 0.7918 0.3376 0.0287 0.0552
0 0.3851 0.3438 0.0221 0.0511
0 0.3633 0.8162 0.0256 0.0764
0 0.5457 0.2981 0.0344 0.0399
0 0.2891 0.4234 0.0459 0.0318
0 0.2774 0.6311 0.0246 0.0731
0 0.4567 0.2925 0.0242 0.0474
0 0.6378 0.5397 0.0357 0.0663
0 0.4905 0.2737 0.0232 0.0303
0 0.2599 0.5986 0.0220 0.0631
0 0.3342 0.4978 0.0217 0.0623
0 0.3353 0.2816 0.0216 0.0332
0 0.8318 0.3542 0.0332 0.0445
0 0.8262 0.3057 0.0335 0.0437
0 0.6000 0.3594 0.0222 0.0529
0 0.5617 0.3269 0.0242 0.0504
0 0.5231 0.4304 0.0235 0.0638
0 0.4203 0.2744 0.0184 0.0224
0 0.5983 0.2769 0.0233 0.0379
0 0.5583 0.2676 0.0197 0.0239
0 0.6134 0.2716 0.0192 0.0360
0 0.0076 0.3380 0.0190 0.0258
