0 0.4052 0.3767 0.0307 0.0520
0 0.5250 0.4862 0.0422 0.0375
0 0.2763 0.6299 0.0262 0.0738
0 0.6846 0.4154 0.0352 0.0476
0 0.5618 0.3763 0.0245 0.0570
0 0.6563 0.3274 0.0353 0.0571
0 0.6624 0.5304 0.0300 0.0676
0 0.5437 0.2981 0.0320 0.0412
0 0.5229 0.3664 0.0439 0.0413
0 0.7417 0.3317 0.0194 0.0495
0 0.5220 0.4228 0.0228 0.0624
0 0.4897 0.3107 0.0213 0.0485
0 0.2594 0.5898 0.0229 0.0707
0 0.3854 0.3435 0.0238 0.0520
0 0.3612 0.8145 0.0248 0.0787
0 0.7892 0.3375 0.0332 0.0539
0 0.3344 0.4973 0.0220 0.0608
0 0.2892 0.4231 0.0454 0.0326
0 0.4895 0.2735 0.0247 0.0302
0 0.8310 0.3536 0.0346 0.0427
0 0.4667 0.4606 0.0466 0.0342
0 0.3354 0.2817 0.0234 0.0336
0 0.4587 0.2928 0.0216 0.0423
0 0.6005 0.3593 0.0224 0.0514
0 0.5924 0.2714 0.0245 0.0301
0 0.8241 0.3027 0.0366 0.0396
0 0.5644 0.3282 0.0267 0.0480
0 0.4205 0.2742 0.0186 0.0233
0 0.5648 0.2669 0.0229 0.0240
0 0.6143 0.2740 0.0187 0.0402
0 0.0077 0.3379 0.0193 0.0256
