0 0.2913 0.4209 0.0385 0.0581
0 0.5108 0.4181 0.0515 0.0330
0 0.4090 0.2995 0.0225 0.0555
0 0.8016 0.3453 0.0249 0.0571
0 0.6836 0.3406 0.0303 0.0518
0 0.3318 0.2727 0.0268 0.0536
0 0.5473 0.3417 0.0387 0.0459
0 0.7434 0.3320 0.0218 0.0528
0 0.2722 0.6459 0.0377 0.0603
0 0.4840 0.3082 0.0254 0.0463
0 0.5443 0.2978 0.0224 0.0454
0 0.3737 0.2918 0.0274 0.0569
0 0.5659 0.6121 0.0435 0.0626
0 0.5740 0.3635 0.0359 0.0392
0 0.7713 0.3329 0.0245 0.0521
0 0.4890 0.2726 0.0207 0.0282
0 0.8283 0.3276 0.0208 0.0603
0 0.5122 0.3617 0.0216 0.0584
0 0.6472 0.2974 0.0490 0.0298
0 0.4619 0.6406 0.0228 0.0717
0 0.9087 0.4625 0.0211 0.0680
0 0.6165 0.2650 0.0216 0.0285
0 0.8138 0.2949 0.0439 0.0264
0 0.5490 0.2653 0.0203 0.0231
0 0.3539 0.7926 0.0241 0.0829
