0 0.4044 0.3756 0.0283 0.0550
0 0.5245 0.4864 0.0417 0.0391
0 0.2766 0.6305 0.0263 0.0725
0 0.6901 0.5112 0.0361 0.0613
0 0.5221 0.4108 0.0243 0.0599
0 0.6822 0.4163 0.0378 0.0502
0 0.6579 0.3278 0.0344 0.0550
0 0.4522 0.4672 0.0603 0.0387
0 0.5612 0.3759 0.0275 0.0543
0 0.5438 0.2983 0.0320 0.0426
0 0.3838 0.3445 0.0242 0.0521
0 0.7418 0.3313 0.0200 0.0493
0 0.4899 0.3097 0.0218 0.0489
0 0.5235 0.3651 0.0464 0.0382
0 0.3614 0.8049 0.0226 0.0825
0 0.2618 0.5796 0.0210 0.0714
0 0.3350 0.4972 0.0239 0.0614
0 0.8323 0.3534 0.0344 0.0437
0 0.2890 0.4229 0.0456 0.0317
0 0.4844 0.2740 0.0305 0.0305
0 0.3361 0.2811 0.0220 0.0331
0 0.8183 0.3034 0.0395 0.0487
0 0.6000 0.3596 0.0226 0.0506
0 0.7892 0.3357 0.0376 0.0540
0 0.4206 0.2749 0.0199 0.0240
0 0.5838 0.2720 0.0347 0.0323
0 0.6154 0.2755 0.0194 0.0438
0 0.5679 0.2665 0.0267 0.0252
0 0.4612 0.2898 0.0199 0.0371
0 0.0078 0.3378 0.0195 0.0254
