0 0.4055 0.3708 0.0304 0.0549
0 0.5243 0.4858 0.0421 0.0419
0 0.4495 0.4689 0.0550 0.0390
0 0.2769 0.6311 0.0264 0.0693
0 0.5596 0.3730 0.0279 0.0558
0 0.6555 0.3259 0.0375 0.0522
0 0.5419 0.2989 0.0263 0.0452
0 0.7414 0.3315 0.0209 0.0502
0 0.5247 0.4046 0.0231 0.0588
0 0.3648 0.7967 0.0241 0.0774
0 0.8324 0.3527 0.0341 0.0436
0 0.3836 0.3430 0.0249 0.0473
0 0.4903 0.3096 0.0216 0.0503
0 0.7244 0.5063 0.0391 0.0516
0 0.8153 0.3028 0.0382 0.0484
0 0.5218 0.3654 0.0467 0.0360
0 0.6804 0.4175 0.0387 0.0491
0 0.2888 0.4225 0.0457 0.0316
0 0.4784 0.2750 0.0321 0.0338
0 0.3361 0.2814 0.0235 0.0331
0 0.5749 0.3163 0.0354 0.0446
0 0.3357 0.4982 0.0239 0.0611
0 0.7889 0.3305 0.0435 0.0451
0 0.2629 0.5692 0.0219 0.0669
0 0.4206 0.2751 0.0221 0.0236
0 0.5911 0.2725 0.0274 0.0315
0 0.5990 0.3589 0.0233 0.0501
0 0.6151 0.2693 0.0185 0.0328
0 0.5658 0.2660 0.0248 0.0236
0 0.0080 0.3377 0.0199 0.0254
0 0.4611 0.2884 0.0216 0.0345
