0 0.5244 0.4859 0.0399 0.0444
0 0.4074 0.3666 0.0303 0.0573
0 0.4464 0.4702 0.0539 0.0323
0 0.2775 0.6304 0.0270 0.0707
0 0.2619 0.5591 0.0204 0.0700
0 0.6756 0.4187 0.0419 0.0438
0 0.5582 0.3712 0.0287 0.0567
0 0.5425 0.2995 0.0231 0.0476
0 0.8330 0.3525 0.0332 0.0437
0 0.3818 0.3428 0.0220 0.0472
0 0.4898 0.3096 0.0212 0.0506
0 0.6535 0.3245 0.0396 0.0490
0 0.8120 0.3024 0.0402 0.0499
0 0.7423 0.3309 0.0219 0.0510
0 0.5252 0.4036 0.0220 0.0570
0 0.5208 0.3657 0.0429 0.0369
0 0.7804 0.3300 0.0373 0.0528
0 0.3367 0.4980 0.0256 0.0605
0 0.2888 0.4224 0.0452 0.0318
0 0.4817 0.2737 0.0303 0.0303
0 0.3364 0.2816 0.0235 0.0331
0 0.5752 0.3135 0.0306 0.0501
0 0.4202 0.2752 0.0210 0.0238
0 0.3687 0.7890 0.0272 0.0747
0 0.5910 0.2705 0.0280 0.0303
0 0.6005 0.3558 0.0238 0.0495
0 0.5663 0.2690 0.0253 0.0276
0 0.6163 0.2684 0.0176 0.0309
0 0.4608 0.2891 0.0189 0.0345
0 0.0077 0.3377 0.0193 0.0257
