0 0.6737 0.4199 0.0425 0.0400
0 0.5244 0.4862 0.0394 0.0452
0 0.2775 0.6302 0.0270 0.0697
0 0.4394 0.4706 0.0524 0.0288
0 0.5584 0.3722 0.0278 0.0549
0 0.8332 0.3525 0.0335 0.0435
0 0.4081 0.3609 0.0311 0.0545
0 0.2644 0.5491 0.0236 0.0685
0 0.4901 0.3098 0.0219 0.0508
0 0.7425 0.3307 0.0226 0.0513
0 0.3820 0.3426 0.0223 0.0462
0 0.8095 0.2941 0.0420 0.0481
0 0.5417 0.2996 0.0246 0.0458
0 0.5215 0.3661 0.0421 0.0373
0 0.6531 0.3242 0.0431 0.0457
0 0.5248 0.4020 0.0219 0.0519
0 0.7638 0.9400 0.0252 0.1031
0 0.3367 0.4974 0.0254 0.0614
0 0.5759 0.3125 0.0325 0.0508
0 0.2889 0.4221 0.0452 0.0316
0 0.7781 0.3308 0.0366 0.0500
0 0.4793 0.2747 0.0328 0.0323
0 0.6016 0.3543 0.0240 0.0488
0 0.3362 0.2814 0.0239 0.0331
0 0.8258 0.5679 0.0514 0.0629
0 0.3693 0.7830 0.0261 0.0688
0 0.4202 0.2752 0.0220 0.0234
0 0.5776 0.2706 0.0311 0.0295
0 0.5679 0.2688 0.0280 0.0266
0 0.0077 0.3378 0.0194 0.0257
