0 0.5240 0.4870 0.0375 0.0490
0 0.2773 0.6302 0.0265 0.0698
0 0.6688 0.4235 0.0422 0.0406
0 0.5586 0.3713 0.0255 0.0547
0 0.8341 0.3516 0.0344 0.0431
0 0.4350 0.4703 0.0520 0.0303
0 0.3818 0.3429 0.0223 0.0467
0 0.7418 0.3309 0.0221 0.0513
0 0.5417 0.3000 0.0225 0.0447
0 0.4897 0.3100 0.0221 0.0494
0 0.5215 0.3664 0.0448 0.0367
0 0.3678 0.7797 0.0293 0.0765
0 0.7792 0.3298 0.0426 0.0469
0 0.4094 0.3537 0.0233 0.0541
0 0.5258 0.4016 0.0242 0.0547
0 0.5761 0.3112 0.0263 0.0540
0 0.6009 0.3533 0.0229 0.0495
0 0.4799 0.2748 0.0345 0.0333
0 0.2889 0.4220 0.0451 0.0313
0 0.3362 0.4978 0.0248 0.0588
0 0.7843 0.8768 0.0283 0.0977
0 0.8751 0.6027 0.0347 0.0661
0 0.3364 0.2813 0.0235 0.0329
0 0.8075 0.2893 0.0397 0.0485
0 0.6474 0.3194 0.0428 0.0479
0 0.2667 0.5381 0.0260 0.0642
0 0.4199 0.2753 0.0203 0.0248
0 0.5969 0.2724 0.0218 0.0330
0 0.5653 0.2709 0.0245 0.0268
0 0.6145 0.2695 0.0187 0.0312
0 0.0077 0.3378 0.0194 0.0256
