0 0.4095 0.3488 0.0242 0.0521
0 0.5237 0.4881 0.0361 0.0501
0 0.5587 0.3715 0.0246 0.0534
0 0.2779 0.6292 0.0264 0.0713
0 0.8341 0.3512 0.0358 0.0446
0 0.7960 0.8367 0.0289 0.0934
0 0.3667 0.7730 0.0267 0.0745
0 0.2652 0.5281 0.0263 0.0596
0 0.3782 0.3458 0.0241 0.0498
0 0.7780 0.3313 0.0423 0.0500
0 0.4898 0.3105 0.0219 0.0482
0 0.7424 0.3315 0.0225 0.0534
0 0.5262 0.4009 0.0227 0.0547
0 0.5778 0.3077 0.0243 0.0534
0 0.5207 0.3638 0.0482 0.0357
0 0.4318 0.4706 0.0527 0.0316
0 0.4773 0.2738 0.0319 0.0306
0 0.2891 0.4219 0.0455 0.0314
0 0.5993 0.3532 0.0234 0.0467
0 0.6643 0.4269 0.0402 0.0407
0 0.5404 0.2992 0.0244 0.0381
0 0.7999 0.2801 0.0324 0.0425
0 0.3365 0.2814 0.0233 0.0336
0 0.5656 0.2715 0.0246 0.0277
0 0.6478 0.3192 0.0411 0.0437
0 0.4187 0.2750 0.0184 0.0247
0 0.3357 0.4982 0.0239 0.0599
0 0.6142 0.2710 0.0187 0.0307
0 0.0082 0.3378 0.0204 0.0253
