0 0.8342 0.3503 0.0365 0.0440
0 0.5230 0.4888 0.0361 0.0531
0 0.4127 0.3395 0.0235 0.0543
0 0.5581 0.3690 0.0231 0.0523
0 0.2663 0.5193 0.0276 0.0651
0 0.2779 0.6293 0.0255 0.0708
0 0.3787 0.3465 0.0229 0.0517
0 0.4239 0.4713 0.0568 0.0298
0 0.6596 0.4321 0.0406 0.0446
0 0.7811 0.8029 0.0279 0.0912
0 0.5766 0.3049 0.0219 0.0565
0 0.3654 0.7651 0.0250 0.0755
0 0.4891 0.3109 0.0225 0.0469
0 0.7423 0.3317 0.0226 0.0515
0 0.5196 0.3632 0.0459 0.0363
0 0.5249 0.4000 0.0232 0.0512
0 0.6008 0.3526 0.0226 0.0496
0 0.4841 0.2739 0.0329 0.0311
0 0.2891 0.4217 0.0455 0.0307
0 0.7988 0.2748 0.0271 0.0400
0 0.5410 0.2982 0.0243 0.0399
0 0.3368 0.4981 0.0260 0.0587
0 0.7658 0.3306 0.0306 0.0469
0 0.3363 0.2810 0.0225 0.0324
0 0.7900 0.3309 0.0261 0.0482
0 0.6481 0.3189 0.0397 0.0413
0 0.5634 0.2715 0.0238 0.0274
0 0.4185 0.2739 0.0179 0.0238
0 0.0081 0.3378 0.0202 0.0255
0 0.5947 0.2707 0.0253 0.0276
0 0.9096 0.6343 0.0217 0.0705
