0 0.5221 0.4899 0.0363 0.0569
0 0.8350 0.3482 0.0333 0.0433
0 0.6543 0.4356 0.0373 0.0446
0 0.3775 0.3483 0.0217 0.0548
0 0.4126 0.3330 0.0219 0.0568
0 0.2701 0.5106 0.0279 0.0613
0 0.4190 0.4715 0.0549 0.0324
0 0.2778 0.6295 0.0259 0.0692
0 0.5593 0.3649 0.0240 0.0506
0 0.5775 0.3020 0.0240 0.0490
0 0.3660 0.7591 0.0235 0.0758
0 0.4892 0.3113 0.0224 0.0462
0 0.5187 0.3636 0.0409 0.0397
0 0.5245 0.4008 0.0270 0.0502
0 0.4887 0.2729 0.0293 0.0311
0 0.7954 0.2751 0.0297 0.0413
0 0.6469 0.3182 0.0458 0.0384
0 0.6016 0.3531 0.0233 0.0498
0 0.7427 0.7571 0.0225 0.0814
0 0.7633 0.3319 0.0294 0.0481
0 0.7418 0.3316 0.0224 0.0499
0 0.2889 0.4216 0.0456 0.0303
0 0.5409 0.3002 0.0249 0.0373
0 0.7905 0.3312 0.0236 0.0490
0 0.3407 0.5018 0.0281 0.0550
0 0.5654 0.2704 0.0224 0.0273
0 0.3359 0.2809 0.0246 0.0325
0 0.8825 0.6465 0.0200 0.0710
0 0.4184 0.2729 0.0201 0.0235
0 0.3890 0.2732 0.0199 0.0255
0 0.0083 0.3378 0.0206 0.0255
