0 0.8353 0.3485 0.0326 0.0424
0 0.4147 0.4707 0.0547 0.0350
0 0.2781 0.6297 0.0258 0.0694
0 0.6486 0.4402 0.0414 0.0438
0 0.3770 0.3494 0.0225 0.0552
0 0.5225 0.4923 0.0332 0.0575
0 0.7413 0.3315 0.0209 0.0508
0 0.5796 0.2996 0.0250 0.0469
0 0.6924 0.6999 0.0253 0.0792
0 0.4890 0.3110 0.0219 0.0444
0 0.2727 0.4972 0.0275 0.0597
0 0.8436 0.6574 0.0210 0.0718
0 0.6008 0.3522 0.0206 0.0513
0 0.4137 0.3252 0.0244 0.0557
0 0.4894 0.2731 0.0286 0.0309
0 0.5592 0.3607 0.0218 0.0533
0 0.5414 0.2998 0.0240 0.0377
0 0.7914 0.3326 0.0271 0.0478
0 0.7930 0.2720 0.0281 0.0424
0 0.5211 0.3974 0.0277 0.0554
0 0.2886 0.4216 0.0465 0.0300
0 0.3661 0.7530 0.0237 0.0793
0 0.6460 0.3169 0.0441 0.0356
0 0.3357 0.2810 0.0246 0.0323
0 0.3408 0.5015 0.0283 0.0547
0 0.5164 0.3613 0.0357 0.0436
0 0.5663 0.2701 0.0260 0.0259
0 0.3889 0.2743 0.0204 0.0271
0 0.7667 0.3318 0.0282 0.0440
0 0.4175 0.2735 0.0208 0.0251
0 0.6150 0.2715 0.0201 0.0319
0 0.0078 0.3377 0.0195 0.0257
