0 0.8353 0.3480 0.0316 0.0432
0 0.2791 0.6283 0.0285 0.0700
0 0.2750 0.4896 0.0267 0.0604
0 0.4109 0.4684 0.0568 0.0372
0 0.5211 0.4954 0.0314 0.0632
0 0.3772 0.3496 0.0228 0.0539
0 0.4135 0.3156 0.0235 0.0580
0 0.4890 0.3107 0.0231 0.0453
0 0.7416 0.3316 0.0222 0.0509
0 0.5829 0.2971 0.0258 0.0474
0 0.6356 0.6628 0.0272 0.0776
0 0.6006 0.3512 0.0221 0.0526
0 0.6450 0.4461 0.0381 0.0479
0 0.4849 0.2732 0.0332 0.0291
0 0.7904 0.2675 0.0339 0.0363
0 0.5582 0.3548 0.0208 0.0569
0 0.2888 0.4214 0.0462 0.0301
0 0.5184 0.3965 0.0324 0.0565
0 0.3413 0.4978 0.0306 0.0556
0 0.5414 0.3001 0.0234 0.0388
0 0.7732 0.3322 0.0394 0.0461
0 0.8194 0.6664 0.0208 0.0709
0 0.3947 0.9594 0.0227 0.0877
0 0.6444 0.3153 0.0430 0.0376
0 0.3338 0.2813 0.0239 0.0328
0 0.3641 0.7526 0.0232 0.0814
0 0.3901 0.2730 0.0214 0.0330
0 0.5167 0.3654 0.0372 0.0506
0 0.4158 0.2743 0.0231 0.0283
0 0.5227 0.3555 0.0416 0.0397
0 0.5651 0.2702 0.0210 0.0245
0 0.7879 0.3329 0.0316 0.0472
0 0.6181 0.2694 0.0175 0.0298
0 0.0079 0.3378 0.0196 0.0256
0 0.5819 0.2688 0.0278 0.0247
