0 0.8073 0.3760 0.0374 0.0600
0 0.5282 0.3456 0.0272 0.0588
0 0.4549 0.3642 0.0472 0.0368
0 0.3329 0.2727 0.0260 0.0508
0 0.4844 0.3109 0.0253 0.0456
0 0.2884 0.4253 0.0386 0.0603
0 0.7440 0.3330 0.0194 0.0495
0 0.2669 0.6399 0.0380 0.0579
0 0.4397 0.2747 0.0425 0.0228
0 0.5419 0.2972 0.0264 0.0387
0 0.6818 0.3348 0.0340 0.0429
0 0.4871 0.2742 0.0279 0.0266
0 0.8278 0.3265 0.0231 0.0506
0 0.7799 0.3368 0.0233 0.0505
0 0.4035 0.3556 0.0221 0.0587
0 0.3792 0.2741 0.0202 0.0252
0 0.5703 0.3626 0.0433 0.0366
0 0.6454 0.3064 0.0377 0.0398
0 0.5169 0.2749 0.0233 0.0287
0 0.6124 0.2647 0.0200 0.0286
0 0.9307 0.8063 0.0287 0.0640
0 0.7612 0.2892 0.0462 0.0343
0 0.5479 0.2675 0.0212 0.0237
