0 0.2916 0.4206 0.0375 0.0582
0 0.7991 0.3444 0.0286 0.0580
0 0.5161 0.4192 0.0496 0.0351
0 0.6842 0.3415 0.0285 0.0538
0 0.5472 0.3397 0.0401 0.0437
0 0.3316 0.2721 0.0292 0.0504
0 0.8972 0.4530 0.0207 0.0659
0 0.7433 0.3316 0.0214 0.0526
0 0.2718 0.6462 0.0384 0.0627
0 0.3726 0.3010 0.0245 0.0541
0 0.4844 0.3076 0.0253 0.0447
0 0.4062 0.3004 0.0246 0.0479
0 0.5103 0.3648 0.0223 0.0600
0 0.5444 0.2982 0.0231 0.0435
0 0.5386 0.5887 0.0389 0.0570
0 0.5739 0.3639 0.0352 0.0403
0 0.4885 0.2728 0.0199 0.0273
0 0.4865 0.6089 0.0264 0.0668
0 0.8275 0.3296 0.0210 0.0526
0 0.8151 0.2962 0.0487 0.0318
0 0.6170 0.2687 0.0214 0.0330
0 0.6461 0.2965 0.0433 0.0317
0 0.3984 0.9674 0.0235 0.0702
0 0.7718 0.3320 0.0262 0.0489
0 0.4220 0.2761 0.0189 0.0295
0 0.4268 0.8701 0.0260 0.0733
0 0.5498 0.2654 0.0202 0.0226
0 0.3676 0.2785 0.0248 0.0279
