0 0.8349 0.3479 0.0310 0.0443
0 0.2784 0.4820 0.0277 0.0616
0 0.2798 0.6277 0.0312 0.0691
0 0.4077 0.4680 0.0559 0.0393
0 0.3769 0.3495 0.0237 0.0496
0 0.4128 0.3131 0.0235 0.0517
0 0.7417 0.3316 0.0232 0.0521
0 0.8141 0.6712 0.0209 0.0723
0 0.4892 0.3101 0.0217 0.0435
0 0.5828 0.2969 0.0228 0.0485
0 0.5600 0.3532 0.0194 0.0598
0 0.6018 0.3523 0.0305 0.0525
0 0.4818 0.2727 0.0318 0.0273
0 0.8150 0.9576 0.0286 0.0671
0 0.7773 0.3316 0.0446 0.0462
0 0.5829 0.6192 0.0214 0.0732
0 0.5430 0.2995 0.0254 0.0403
0 0.6412 0.4494 0.0358 0.0529
0 0.3310 0.8694 0.0207 0.0954
0 0.2889 0.4210 0.0456 0.0287
0 0.5257 0.3517 0.0352 0.0400
0 0.3426 0.4969 0.0318 0.0539
0 0.5204 0.4973 0.0254 0.0640
0 0.5132 0.3942 0.0372 0.0538
0 0.6396 0.3146 0.0432 0.0412
0 0.3611 0.7525 0.0255 0.0801
0 0.3340 0.2807 0.0246 0.0319
0 0.7878 0.2673 0.0332 0.0366
0 0.3894 0.2749 0.0242 0.0305
0 0.4121 0.2760 0.0302 0.0278
0 0.5632 0.2693 0.0197 0.0248
0 0.6164 0.2698 0.0187 0.0307
0 0.0110 0.3382 0.0260 0.0242
0 0.5827 0.2697 0.0271 0.0251
