0 0.8351 0.3478 0.0305 0.0439
0 0.2801 0.6267 0.0322 0.0686
0 0.2796 0.4733 0.0266 0.0627
0 0.6387 0.4520 0.0359 0.0487
0 0.8390 0.9060 0.0292 0.0690
0 0.5244 0.3494 0.0355 0.0434
0 0.4894 0.3109 0.0228 0.0453
0 0.4082 0.3091 0.0240 0.0515
0 0.7401 0.3321 0.0199 0.0514
0 0.4031 0.4672 0.0530 0.0415
0 0.4826 0.2730 0.0352 0.0283
0 0.5060 0.3911 0.0433 0.0464
0 0.5496 0.5665 0.0233 0.0769
0 0.8132 0.6757 0.0346 0.0692
0 0.5599 0.3511 0.0186 0.0597
0 0.6345 0.3120 0.0415 0.0484
0 0.6030 0.3534 0.0304 0.0516
0 0.5432 0.3013 0.0266 0.0401
0 0.2898 0.4211 0.0438 0.0313
0 0.3750 0.3539 0.0242 0.0518
0 0.7696 0.3319 0.0345 0.0469
0 0.5818 0.2953 0.0222 0.0460
0 0.3431 0.4971 0.0332 0.0504
0 0.3589 0.7463 0.0270 0.0793
0 0.2695 0.7891 0.0294 0.0833
0 0.3342 0.2808 0.0249 0.0326
0 0.5221 0.5022 0.0222 0.0619
0 0.7833 0.2672 0.0359 0.0380
0 0.3887 0.2750 0.0203 0.0309
0 0.5637 0.2693 0.0199 0.0250
0 0.4173 0.2757 0.0240 0.0297
0 0.5819 0.2713 0.0260 0.0277
0 0.7888 0.3309 0.0288 0.0440
0 0.0108 0.3382 0.0255 0.0245
0 0.6170 0.2675 0.0190 0.0282
