0 0.6349 0.4581 0.0381 0.0488
0 0.8348 0.3473 0.0306 0.0436
0 0.2808 0.6257 0.0319 0.0695
0 0.2396 0.7220 0.0320 0.0838
0 0.2793 0.4705 0.0290 0.0602
0 0.4058 0.3020 0.0258 0.0585
0 0.4799 0.2731 0.0285 0.0291
0 0.7403 0.3330 0.0216 0.0523
0 0.4892 0.3108 0.0228 0.0468
0 0.6319 0.3122 0.0368 0.0514
0 0.8710 0.8360 0.0297 0.0650
0 0.7747 0.3314 0.0466 0.0444
0 0.5251 0.3447 0.0321 0.0491
0 0.7944 0.6951 0.0424 0.0578
0 0.5590 0.3459 0.0200 0.0563
0 0.2897 0.4209 0.0472 0.0305
0 0.5022 0.3845 0.0377 0.0495
0 0.3957 0.4624 0.0449 0.0447
0 0.3426 0.4965 0.0329 0.0487
0 0.5418 0.3021 0.0230 0.0430
0 0.7777 0.2689 0.0402 0.0284
0 0.3726 0.3599 0.0253 0.0495
0 0.6046 0.3534 0.0310 0.0524
0 0.3554 0.7428 0.0249 0.0782
0 0.5297 0.5048 0.0277 0.0674
0 0.5831 0.2903 0.0201 0.0500
0 0.3345 0.2804 0.0245 0.0322
0 0.4199 0.2751 0.0231 0.0315
0 0.5649 0.2687 0.0179 0.0236
0 0.6161 0.2686 0.0180 0.0298
0 0.3896 0.2729 0.0221 0.0298
0 0.5848 0.2747 0.0221 0.0356
0 0.0109 0.3381 0.0258 0.0244
