0 0.8352 0.3473 0.0295 0.0437
0 0.2784 0.4700 0.0275 0.0600
0 0.3717 0.3666 0.0267 0.0485
0 0.5586 0.3407 0.0199 0.0546
0 0.4902 0.3101 0.0224 0.0442
0 0.4035 0.2972 0.0265 0.0554
0 0.5257 0.3417 0.0294 0.0488
0 0.5201 0.4417 0.0224 0.0679
0 0.7407 0.3322 0.0225 0.0533
0 0.3453 0.4952 0.0322 0.0514
0 0.3543 0.7381 0.0252 0.0785
0 0.2799 0.6201 0.0343 0.0579
0 0.6316 0.3146 0.0366 0.0499
0 0.4970 0.3817 0.0338 0.0529
0 0.7749 0.2729 0.0379 0.0324
0 0.7720 0.3309 0.0431 0.0459
0 0.2893 0.4212 0.0470 0.0307
0 0.5196 0.5039 0.0229 0.0565
0 0.6321 0.4620 0.0352 0.0484
0 0.4876 0.2707 0.0259 0.0266
0 0.5430 0.3034 0.0237 0.0449
0 0.9018 0.7588 0.0307 0.0616
0 0.3916 0.4598 0.0479 0.0423
0 0.3349 0.2807 0.0250 0.0328
0 0.2552 0.6820 0.0370 0.0678
0 0.7543 0.7112 0.0414 0.0731
0 0.6067 0.3521 0.0379 0.0506
0 0.5857 0.2814 0.0230 0.0514
0 0.5632 0.2704 0.0196 0.0272
0 0.4224 0.2749 0.0213 0.0341
0 0.6156 0.2686 0.0175 0.0307
0 0.3897 0.2748 0.0219 0.0311
0 0.0113 0.3381 0.0267 0.0245
