0 0.2795 0.6261 0.0343 0.0650
0 0.8350 0.3473 0.0295 0.0430
0 0.3690 0.3718 0.0279 0.0547
0 0.3517 0.7347 0.0255 0.0760
0 0.5108 0.3981 0.0237 0.0718
0 0.2753 0.4685 0.0239 0.0610
0 0.6306 0.4682 0.0328 0.0524
0 0.7732 0.3311 0.0416 0.0439
0 0.5586 0.3372 0.0208 0.0521
0 0.4902 0.3091 0.0218 0.0437
0 0.7405 0.3322 0.0222 0.0526
0 0.6308 0.3126 0.0341 0.0509
0 0.7733 0.2705 0.0365 0.0317
0 0.3457 0.4946 0.0317 0.0499
0 0.3899 0.4557 0.0454 0.0458
0 0.5265 0.3405 0.0274 0.0516
0 0.4842 0.2710 0.0276 0.0270
0 0.4011 0.2943 0.0306 0.0457
0 0.5432 0.3008 0.0230 0.0459
0 0.2897 0.4206 0.0477 0.0305
0 0.8954 0.6972 0.0316 0.0626
0 0.7121 0.7254 0.0388 0.0643
0 0.6097 0.3529 0.0362 0.0493
0 0.3126 0.6464 0.0355 0.0684
0 0.4889 0.3725 0.0252 0.0478
0 0.5182 0.5023 0.0211 0.0628
0 0.5909 0.2755 0.0237 0.0447
0 0.3332 0.2813 0.0263 0.0323
0 0.3876 0.2778 0.0271 0.0381
0 0.5642 0.2688 0.0209 0.0267
0 0.4217 0.2759 0.0227 0.0358
0 0.6150 0.2685 0.0178 0.0307
0 0.5848 0.2873 0.0184 0.0441
0 0.0114 0.3381 0.0269 0.0246
