0 0.2807 0.6242 0.0361 0.0664
0 0.8349 0.3472 0.0296 0.0430
0 0.6318 0.4706 0.0261 0.0567
0 0.3865 0.4524 0.0444 0.0475
0 0.3502 0.7350 0.0311 0.0756
0 0.3662 0.3815 0.0280 0.0518
0 0.8722 0.6690 0.0356 0.0625
0 0.5095 0.3848 0.0211 0.0662
0 0.3440 0.4934 0.0269 0.0480
0 0.6695 0.7279 0.0445 0.0589
0 0.3857 0.6147 0.0326 0.0671
0 0.4899 0.3103 0.0215 0.0429
0 0.7401 0.3324 0.0218 0.0542
0 0.3345 0.9451 0.0210 0.0776
0 0.5565 0.3353 0.0232 0.0551
0 0.7736 0.2714 0.0372 0.0336
0 0.7729 0.3315 0.0413 0.0464
0 0.6319 0.3125 0.0393 0.0478
0 0.5174 0.5039 0.0215 0.0606
0 0.4871 0.2703 0.0276 0.0257
0 0.5256 0.3425 0.0275 0.0507
0 0.5450 0.3033 0.0252 0.0463
0 0.2899 0.4191 0.0451 0.0309
0 0.6101 0.3538 0.0389 0.0449
0 0.4027 0.2912 0.0275 0.0386
0 0.2722 0.4657 0.0241 0.0597
0 0.3336 0.2807 0.0262 0.0309
0 0.5850 0.2742 0.0301 0.0396
0 0.4869 0.3632 0.0214 0.0566
0 0.3876 0.2772 0.0267 0.0356
0 0.5654 0.2687 0.0217 0.0274
0 0.6153 0.2684 0.0183 0.0304
0 0.4189 0.2779 0.0245 0.0350
0 0.5850 0.2876 0.0214 0.0404
0 0.0115 0.3380 0.0272 0.0245
