0 0.2806 0.6234 0.0368 0.0654
0 0.6328 0.4727 0.0242 0.0586
0 0.3834 0.4472 0.0423 0.0493
0 0.8347 0.3471 0.0291 0.0435
0 0.2717 0.4590 0.0274 0.0607
0 0.3489 0.7332 0.0316 0.0743
0 0.5139 0.3839 0.0211 0.0720
0 0.6316 0.3108 0.0351 0.0526
0 0.7395 0.3321 0.0213 0.0565
0 0.5186 0.5052 0.0209 0.0609
0 0.4900 0.3101 0.0214 0.0433
0 0.5568 0.3371 0.0243 0.0510
0 0.8327 0.6476 0.0376 0.0560
0 0.5443 0.2996 0.0248 0.0463
0 0.2939 0.8492 0.0255 0.0803
0 0.4870 0.2699 0.0267 0.0260
0 0.5873 0.2767 0.0270 0.0447
0 0.7670 0.2802 0.0333 0.0520
0 0.7750 0.3335 0.0385 0.0473
0 0.2909 0.4194 0.0492 0.0312
0 0.3429 0.4982 0.0290 0.0531
0 0.6108 0.3553 0.0400 0.0440
0 0.6284 0.7180 0.0420 0.0665
0 0.3621 0.3913 0.0279 0.0510
0 0.3857 0.2750 0.0256 0.0395
0 0.3333 0.2808 0.0266 0.0326
0 0.4859 0.3596 0.0234 0.0569
0 0.5263 0.3428 0.0278 0.0504
0 0.4009 0.2884 0.0258 0.0409
0 0.4656 0.5815 0.0256 0.0719
0 0.4130 0.2815 0.0246 0.0420
0 0.5612 0.2661 0.0265 0.0241
0 0.6133 0.2692 0.0207 0.0311
0 0.0114 0.3381 0.0270 0.0243
0 0.7872 0.3337 0.0244 0.0482
