0 0.2810 0.6222 0.0366 0.0656
0 0.6332 0.4732 0.0225 0.0572
0 0.3456 0.7293 0.0362 0.0712
0 0.2666 0.4527 0.0285 0.0580
0 0.8347 0.3472 0.0288 0.0439
0 0.3825 0.4450 0.0422 0.0498
0 0.5135 0.3847 0.0223 0.0666
0 0.2725 0.7757 0.0332 0.0835
0 0.5843 0.7008 0.0410 0.0678
0 0.7395 0.3320 0.0204 0.0577
0 0.6310 0.3091 0.0369 0.0522
0 0.4902 0.3096 0.0230 0.0424
0 0.5574 0.3384 0.0242 0.0502
0 0.2929 0.4177 0.0521 0.0284
0 0.5439 0.2997 0.0267 0.0442
0 0.5857 0.2757 0.0255 0.0432
0 0.6115 0.3540 0.0415 0.0442
0 0.7777 0.3320 0.0381 0.0485
0 0.3444 0.5018 0.0301 0.0508
0 0.4853 0.2683 0.0275 0.0246
0 0.3586 0.4005 0.0306 0.0482
0 0.3339 0.2805 0.0266 0.0321
0 0.3868 0.2760 0.0277 0.0397
0 0.5178 0.5121 0.0214 0.0791
0 0.5264 0.3431 0.0296 0.0488
0 0.7989 0.6052 0.0372 0.0569
0 0.4807 0.3553 0.0274 0.0539
0 0.4113 0.2804 0.0245 0.0386
0 0.7605 0.2826 0.0314 0.0524
0 0.6125 0.2708 0.0208 0.0332
0 0.5161 0.5422 0.0220 0.0746
0 0.5600 0.2650 0.0244 0.0232
0 0.7870 0.3313 0.0258 0.0494
0 0.0113 0.3381 0.0266 0.0243
0 0.3983 0.2878 0.0255 0.0356
