0 0.2810 0.6220 0.0364 0.0657
0 0.3817 0.4453 0.0425 0.0512
0 0.8348 0.3475 0.0295 0.0449
0 0.6341 0.4744 0.0214 0.0585
0 0.2631 0.4460 0.0275 0.0597
0 0.5084 0.3779 0.0255 0.0672
0 0.3380 0.7222 0.0326 0.0674
0 0.5410 0.6932 0.0437 0.0698
0 0.7753 0.5668 0.0334 0.0569
0 0.2763 0.7169 0.0302 0.0819
0 0.7384 0.3312 0.0212 0.0560
0 0.6324 0.3099 0.0367 0.0484
0 0.5572 0.3389 0.0252 0.0495
0 0.5434 0.3013 0.0272 0.0470
0 0.2940 0.4176 0.0494 0.0278
0 0.4895 0.3104 0.0234 0.0435
0 0.5440 0.5062 0.0227 0.0723
0 0.5166 0.5068 0.0229 0.0606
0 0.6117 0.3546 0.0413 0.0432
0 0.3423 0.5023 0.0293 0.0515
0 0.4859 0.2690 0.0262 0.0246
0 0.4137 0.2761 0.0262 0.0317
0 0.3862 0.2744 0.0271 0.0363
0 0.4760 0.3494 0.0274 0.0614
0 0.3346 0.2805 0.0262 0.0332
0 0.3556 0.4062 0.0312 0.0515
0 0.5288 0.3394 0.0278 0.0513
0 0.7762 0.3306 0.0318 0.0492
0 0.5918 0.2700 0.0291 0.0325
0 0.7584 0.2820 0.0358 0.0451
0 0.7873 0.3298 0.0218 0.0504
0 0.5642 0.2647 0.0327 0.0218
0 0.6107 0.2701 0.0238 0.0323
0 0.0110 0.3381 0.0258 0.0243
