0 0.8351 0.3474 0.0291 0.0450
0 0.3826 0.4448 0.0424 0.0510
0 0.5141 0.5103 0.0225 0.0644
0 0.6339 0.4751 0.0197 0.0617
0 0.6318 0.3100 0.0308 0.0498
0 0.4920 0.6996 0.0485 0.0656
0 0.3435 0.5050 0.0301 0.0538
0 0.2804 0.6228 0.0390 0.0646
0 0.3346 0.7214 0.0282 0.0747
0 0.5566 0.3387 0.0264 0.0514
0 0.7586 0.5413 0.0402 0.0523
0 0.2623 0.4374 0.0284 0.0593
0 0.7389 0.3323 0.0199 0.0523
0 0.4898 0.3128 0.0224 0.0471
0 0.3529 0.4105 0.0312 0.0510
0 0.2936 0.4177 0.0470 0.0298
0 0.5394 0.4670 0.0267 0.0606
0 0.5439 0.2994 0.0279 0.0457
0 0.2942 0.6564 0.0235 0.0868
0 0.4880 0.2711 0.0231 0.0274
0 0.4935 0.3630 0.0297 0.0625
0 0.3865 0.2728 0.0301 0.0382
0 0.6109 0.3553 0.0390 0.0445
0 0.4168 0.2759 0.0273 0.0324
0 0.5264 0.3405 0.0294 0.0524
0 0.3346 0.2807 0.0254 0.0344
0 0.4704 0.3432 0.0323 0.0549
0 0.5881 0.2729 0.0291 0.0334
0 0.7754 0.3295 0.0337 0.0497
0 0.5576 0.2684 0.0330 0.0249
0 0.7543 0.2909 0.0369 0.0475
0 0.7873 0.3291 0.0217 0.0508
0 0.6131 0.2713 0.0248 0.0324
0 0.0111 0.3382 0.0261 0.0245
