0 0.2916 0.4204 0.0371 0.0590
0 0.4959 0.5961 0.0305 0.0707
0 0.6858 0.3423 0.0232 0.0539
0 0.5192 0.4204 0.0495 0.0315
0 0.7977 0.3430 0.0292 0.0579
0 0.5522 0.3390 0.0411 0.0411
0 0.3316 0.2725 0.0318 0.0538
0 0.7428 0.3321 0.0211 0.0525
0 0.2723 0.6468 0.0354 0.0630
0 0.4843 0.3082 0.0250 0.0442
0 0.3735 0.3075 0.0254 0.0517
0 0.5436 0.3001 0.0238 0.0432
0 0.5211 0.9449 0.0339 0.0839
0 0.4076 0.2961 0.0254 0.0522
0 0.5285 0.5440 0.0447 0.0584
0 0.5743 0.3649 0.0345 0.0411
0 0.8685 0.4253 0.0211 0.0665
0 0.4888 0.2729 0.0214 0.0279
0 0.8282 0.3286 0.0215 0.0555
0 0.6173 0.2667 0.0200 0.0296
0 0.4975 0.3774 0.0237 0.0484
0 0.3685 0.2767 0.0246 0.0281
0 0.6449 0.2958 0.0427 0.0317
0 0.8163 0.2950 0.0436 0.0300
0 0.5503 0.2652 0.0203 0.0217
0 0.4319 0.8617 0.0268 0.0686
0 0.4179 0.2756 0.0223 0.0283
0 0.7723 0.3313 0.0273 0.0483
0 0.8241 0.3086 0.0290 0.0534
