0 0.5129 0.5118 0.0285 0.0609
0 0.6326 0.4779 0.0216 0.0625
0 0.8353 0.3472 0.0292 0.0448
0 0.3454 0.5070 0.0336 0.0525
0 0.3819 0.4455 0.0447 0.0473
0 0.3467 0.4148 0.0346 0.0562
0 0.6307 0.3071 0.0343 0.0516
0 0.5567 0.3397 0.0270 0.0499
0 0.4745 0.3497 0.0428 0.0656
0 0.4901 0.3113 0.0237 0.0458
0 0.2951 0.5980 0.0244 0.0795
0 0.7396 0.3331 0.0207 0.0508
0 0.5241 0.3430 0.0294 0.0521
0 0.5443 0.2996 0.0275 0.0447
0 0.5104 0.4251 0.0290 0.0615
0 0.2749 0.6246 0.0248 0.0596
0 0.7259 0.5258 0.0430 0.0464
0 0.4336 0.7289 0.0536 0.0530
0 0.3866 0.2719 0.0277 0.0357
0 0.4874 0.2706 0.0228 0.0267
0 0.2961 0.4172 0.0421 0.0350
0 0.2606 0.4268 0.0207 0.0599
0 0.3337 0.7121 0.0256 0.0755
0 0.7794 0.3311 0.0356 0.0463
0 0.6109 0.3558 0.0360 0.0487
0 0.4190 0.2744 0.0257 0.0299
0 0.3327 0.2812 0.0258 0.0337
0 0.7467 0.2912 0.0336 0.0390
0 0.6001 0.2721 0.0278 0.0339
0 0.5560 0.2658 0.0343 0.0218
0 0.0107 0.3382 0.0253 0.0248
0 0.6113 0.2703 0.0252 0.0331
