0 0.2813 0.6221 0.0381 0.0649
0 0.8356 0.3464 0.0299 0.0452
0 0.6329 0.4796 0.0218 0.0638
0 0.5131 0.5130 0.0303 0.0556
0 0.3464 0.5101 0.0308 0.0555
0 0.3819 0.4446 0.0452 0.0453
0 0.6305 0.3070 0.0363 0.0514
0 0.2594 0.4211 0.0204 0.0582
0 0.3317 0.7064 0.0273 0.0765
0 0.2809 0.5243 0.0212 0.0691
0 0.5241 0.3408 0.0293 0.0527
0 0.5582 0.3403 0.0234 0.0503
0 0.7392 0.3336 0.0221 0.0488
0 0.5435 0.3004 0.0276 0.0446
0 0.4596 0.4049 0.0243 0.0581
0 0.4898 0.3083 0.0230 0.0465
0 0.4852 0.2711 0.0258 0.0278
0 0.3460 0.4250 0.0343 0.0518
0 0.2968 0.4180 0.0446 0.0311
0 0.4178 0.2750 0.0237 0.0298
0 0.3862 0.2744 0.0259 0.0322
0 0.6129 0.3581 0.0362 0.0484
0 0.7761 0.3296 0.0409 0.0453
0 0.3339 0.2811 0.0255 0.0328
0 0.7428 0.2898 0.0484 0.0322
0 0.5604 0.2669 0.0316 0.0246
0 0.6769 0.5283 0.0362 0.0551
0 0.4650 0.3384 0.0228 0.0590
0 0.5932 0.2692 0.0324 0.0298
0 0.0107 0.3382 0.0254 0.0250
0 0.6114 0.2696 0.0238 0.0324
0 0.7726 0.3124 0.0429 0.0347
0 0.7874 0.3263 0.0230 0.0539
