0 0.5122 0.5168 0.0309 0.0541
0 0.3813 0.4424 0.0484 0.0426
0 0.8358 0.3455 0.0299 0.0443
0 0.3477 0.5147 0.0331 0.0547
0 0.6328 0.4822 0.0209 0.0626
0 0.2818 0.6215 0.0412 0.0622
0 0.6302 0.3049 0.0367 0.0515
0 0.2594 0.4113 0.0215 0.0586
0 0.2675 0.4799 0.0259 0.0731
0 0.5238 0.3402 0.0304 0.0535
0 0.3303 0.6991 0.0282 0.0744
0 0.5588 0.3411 0.0223 0.0513
0 0.7393 0.3336 0.0220 0.0477
0 0.4172 0.3825 0.0222 0.0594
0 0.5441 0.2997 0.0284 0.0449
0 0.2978 0.4189 0.0417 0.0311
0 0.3393 0.4332 0.0252 0.0512
0 0.4911 0.3102 0.0200 0.0557
0 0.4164 0.2742 0.0237 0.0293
0 0.6129 0.3584 0.0351 0.0506
0 0.3844 0.2739 0.0261 0.0301
0 0.4894 0.2706 0.0238 0.0275
0 0.4609 0.3242 0.0233 0.0669
0 0.3339 0.2810 0.0255 0.0335
0 0.3028 0.8628 0.0312 0.0776
0 0.7418 0.2906 0.0485 0.0347
0 0.5570 0.2684 0.0268 0.0250
0 0.5907 0.2692 0.0317 0.0285
0 0.7746 0.3282 0.0389 0.0430
0 0.7763 0.3149 0.0416 0.0386
0 0.6379 0.5498 0.0263 0.0606
0 0.0103 0.3381 0.0246 0.0252
