0 0.8362 0.3465 0.0291 0.0464
0 0.3781 0.4424 0.0511 0.0391
0 0.6342 0.4839 0.0203 0.0638
0 0.5108 0.5194 0.0301 0.0531
0 0.2828 0.6214 0.0426 0.0617
0 0.6293 0.3042 0.0386 0.0503
0 0.3531 0.5185 0.0339 0.0552
0 0.5570 0.3397 0.0225 0.0522
0 0.5231 0.3407 0.0270 0.0537
0 0.2610 0.8866 0.0331 0.0872
0 0.3342 0.4407 0.0233 0.0513
0 0.7401 0.3330 0.0218 0.0505
0 0.3260 0.6903 0.0259 0.0690
0 0.2989 0.4183 0.0392 0.0333
0 0.2625 0.4003 0.0251 0.0538
0 0.2522 0.4560 0.0259 0.0663
0 0.5441 0.2993 0.0269 0.0456
0 0.4905 0.3074 0.0214 0.0518
0 0.6128 0.3590 0.0342 0.0502
0 0.3852 0.2762 0.0299 0.0303
0 0.6053 0.5662 0.0230 0.0578
0 0.7888 0.3167 0.0245 0.0601
0 0.7358 0.2920 0.0436 0.0337
0 0.3340 0.2811 0.0265 0.0332
0 0.5849 0.2677 0.0267 0.0268
0 0.4594 0.3063 0.0244 0.0611
0 0.4218 0.2745 0.0211 0.0287
0 0.3858 0.3613 0.0283 0.0503
0 0.4924 0.2695 0.0235 0.0269
0 0.4609 0.3244 0.0242 0.0591
0 0.5558 0.2668 0.0263 0.0239
0 0.4445 0.2786 0.0341 0.0263
0 0.0103 0.3381 0.0246 0.0251
0 0.7663 0.3174 0.0295 0.0483
