0 0.8366 0.3467 0.0279 0.0460
0 0.3769 0.4440 0.0520 0.0390
0 0.2406 0.4503 0.0310 0.0623
0 0.2832 0.6216 0.0427 0.0589
0 0.6353 0.4890 0.0248 0.0579
0 0.6290 0.3041 0.0343 0.0547
0 0.5076 0.5244 0.0307 0.0525
0 0.2994 0.4192 0.0442 0.0346
0 0.3339 0.4484 0.0261 0.0531
0 0.5802 0.5587 0.0241 0.0619
0 0.5574 0.3411 0.0224 0.0522
0 0.7396 0.3325 0.0208 0.0503
0 0.3591 0.5214 0.0369 0.0541
0 0.5249 0.3411 0.0287 0.0501
0 0.4910 0.3101 0.0212 0.0501
0 0.3598 0.3386 0.0184 0.0537
0 0.2491 0.8963 0.0349 0.0838
0 0.3260 0.6824 0.0269 0.0724
0 0.7902 0.3102 0.0233 0.0619
0 0.5436 0.3005 0.0254 0.0469
0 0.6120 0.3587 0.0323 0.0523
0 0.7326 0.2934 0.0466 0.0338
0 0.4424 0.3044 0.0294 0.0569
0 0.5845 0.2684 0.0261 0.0290
0 0.2636 0.3953 0.0225 0.0640
0 0.4877 0.2706 0.0256 0.0265
0 0.3837 0.2762 0.0284 0.0287
0 0.3336 0.2814 0.0249 0.0339
0 0.5552 0.2696 0.0262 0.0252
0 0.4593 0.3240 0.0203 0.0484
0 0.4431 0.2782 0.0314 0.0313
0 0.9727 0.9190 0.0354 0.0719
0 0.0105 0.3381 0.0249 0.0251
0 0.7622 0.3153 0.0267 0.0486
