0 0.8371 0.3468 0.0272 0.0454
0 0.3774 0.4450 0.0519 0.0367
0 0.2436 0.8995 0.0285 0.0822
0 0.2457 0.4589 0.0292 0.0641
0 0.2830 0.6221 0.0438 0.0601
0 0.2998 0.4216 0.0406 0.0411
0 0.2654 0.3869 0.0242 0.0560
0 0.6372 0.4927 0.0290 0.0564
0 0.6132 0.3625 0.0311 0.0576
0 0.6297 0.3068 0.0363 0.0483
0 0.4564 0.3146 0.0222 0.0510
0 0.7395 0.3321 0.0213 0.0491
0 0.5235 0.3416 0.0319 0.0492
0 0.5578 0.3412 0.0218 0.0536
0 0.3257 0.6756 0.0268 0.0705
0 0.5064 0.5233 0.0347 0.0517
0 0.3311 0.4610 0.0277 0.0556
0 0.4916 0.3102 0.0205 0.0491
0 0.3596 0.5267 0.0340 0.0512
0 0.5435 0.2992 0.0280 0.0448
0 0.7276 0.2960 0.0558 0.0276
0 0.3830 0.2739 0.0263 0.0270
0 0.5464 0.5396 0.0295 0.0606
0 0.3433 0.3145 0.0198 0.0638
0 0.4894 0.2709 0.0269 0.0268
0 0.5859 0.2690 0.0301 0.0288
0 0.4272 0.2976 0.0182 0.0611
0 0.3356 0.2800 0.0232 0.0303
0 0.5569 0.2686 0.0327 0.0250
0 0.7781 0.3120 0.0360 0.0519
0 0.7875 0.3004 0.0271 0.0560
0 0.9418 0.8479 0.0411 0.0822
0 0.0114 0.3381 0.0267 0.0248
0 0.4543 0.2749 0.0293 0.0284
