0 0.8370 0.3465 0.0270 0.0459
0 0.2627 0.4554 0.0252 0.0608
0 0.3744 0.4464 0.0518 0.0321
0 0.3013 0.4218 0.0437 0.0400
0 0.3272 0.6719 0.0236 0.0730
0 0.2833 0.6223 0.0434 0.0613
0 0.6233 0.3052 0.0279 0.0601
0 0.3261 0.4760 0.0271 0.0507
0 0.2649 0.3796 0.0231 0.0569
0 0.5243 0.3416 0.0310 0.0517
0 0.6133 0.3664 0.0275 0.0568
0 0.4154 0.3049 0.0245 0.0514
0 0.4574 0.3092 0.0197 0.0530
0 0.3373 0.3029 0.0220 0.0605
0 0.7399 0.3328 0.0202 0.0497
0 0.2415 0.8903 0.0282 0.0860
0 0.7255 0.2966 0.0582 0.0309
0 0.5577 0.3412 0.0205 0.0547
0 0.3645 0.5340 0.0366 0.0552
0 0.5429 0.2995 0.0271 0.0466
0 0.5223 0.5212 0.0416 0.0509
0 0.6400 0.4972 0.0305 0.0584
0 0.4908 0.3103 0.0225 0.0461
0 0.8709 0.7955 0.0370 0.0623
0 0.4869 0.2719 0.0278 0.0273
0 0.3822 0.2753 0.0281 0.0263
0 0.7775 0.3091 0.0339 0.0537
0 0.4465 0.2718 0.0286 0.0227
0 0.5597 0.2663 0.0339 0.0248
0 0.7872 0.2996 0.0273 0.0575
0 0.4215 0.2752 0.0319 0.0246
0 0.0118 0.3382 0.0276 0.0252
0 0.5751 0.2660 0.0244 0.0272
0 0.3374 0.2811 0.0214 0.0299
0 0.6175 0.2682 0.0192 0.0301
