0 0.8367 0.3465 0.0280 0.0466
0 0.3271 0.6651 0.0246 0.0743
0 0.2826 0.6221 0.0420 0.0605
0 0.6224 0.3038 0.0304 0.0563
0 0.4571 0.3020 0.0203 0.0514
0 0.2544 0.8829 0.0336 0.0849
0 0.6147 0.3694 0.0239 0.0597
0 0.3698 0.4463 0.0531 0.0280
0 0.2700 0.3700 0.0216 0.0616
0 0.3258 0.4845 0.0250 0.0520
0 0.5247 0.3411 0.0314 0.0528
0 0.3380 0.3059 0.0221 0.0614
0 0.7399 0.3329 0.0203 0.0497
0 0.3022 0.4218 0.0413 0.0404
0 0.3985 0.3106 0.0183 0.0650
0 0.4914 0.3097 0.0203 0.0468
0 0.5582 0.3409 0.0197 0.0560
0 0.2773 0.4451 0.0254 0.0646
0 0.5432 0.2983 0.0268 0.0468
0 0.7781 0.2982 0.0277 0.0587
0 0.5287 0.5064 0.0357 0.0510
0 0.3690 0.5383 0.0388 0.0500
0 0.6441 0.5026 0.0351 0.0530
0 0.7204 0.3039 0.0495 0.0368
0 0.7606 0.7684 0.0292 0.0629
0 0.4918 0.2720 0.0249 0.0268
0 0.3829 0.2768 0.0219 0.0272
0 0.5647 0.2670 0.0337 0.0268
0 0.4342 0.2718 0.0300 0.0231
0 0.4987 0.5326 0.0301 0.0463
0 0.3375 0.2810 0.0214 0.0313
0 0.0115 0.3384 0.0272 0.0252
0 0.6174 0.2681 0.0194 0.0295
0 0.4198 0.2760 0.0388 0.0238
0 0.5056 0.2717 0.0268 0.0245
