0 0.8367 0.3465 0.0274 0.0458
0 0.5204 0.4813 0.0335 0.0556
0 0.2828 0.6219 0.0423 0.0602
0 0.3673 0.4459 0.0539 0.0288
0 0.6158 0.3733 0.0266 0.0578
0 0.2665 0.3626 0.0232 0.0575
0 0.6216 0.3009 0.0299 0.0572
0 0.3390 0.3083 0.0241 0.0572
0 0.3737 0.5470 0.0359 0.0523
0 0.3978 0.3082 0.0192 0.0606
0 0.3249 0.6599 0.0249 0.0738
0 0.2773 0.4457 0.0241 0.0616
0 0.5248 0.3409 0.0311 0.0520
0 0.3037 0.4226 0.0410 0.0397
0 0.4909 0.3098 0.0211 0.0447
0 0.7401 0.3322 0.0198 0.0504
0 0.6458 0.5077 0.0318 0.0520
0 0.5427 0.2994 0.0262 0.0457
0 0.5590 0.3391 0.0199 0.0559
0 0.4586 0.3012 0.0217 0.0484
0 0.2809 0.8862 0.0310 0.0740
0 0.3240 0.4964 0.0244 0.0547
0 0.4986 0.5326 0.0368 0.0465
0 0.7600 0.3000 0.0254 0.0513
0 0.7091 0.3036 0.0357 0.0417
0 0.4416 0.2736 0.0312 0.0219
0 0.4881 0.2711 0.0247 0.0254
0 0.6187 0.7564 0.0344 0.0587
0 0.3828 0.2754 0.0270 0.0256
0 0.4221 0.2734 0.0321 0.0239
0 0.5646 0.2644 0.0290 0.0237
0 0.3379 0.2806 0.0215 0.0292
0 0.7818 0.2825 0.0189 0.0481
0 0.0120 0.3382 0.0280 0.0252
0 0.5053 0.2748 0.0212 0.0272
