0 0.8365 0.3465 0.0273 0.0464
0 0.3765 0.5553 0.0346 0.0566
0 0.2830 0.6218 0.0425 0.0601
0 0.6485 0.5124 0.0332 0.0543
0 0.6167 0.3778 0.0242 0.0565
0 0.3637 0.4481 0.0532 0.0324
0 0.3038 0.4225 0.0407 0.0426
0 0.3391 0.3087 0.0248 0.0530
0 0.2772 0.4440 0.0225 0.0650
0 0.4904 0.3089 0.0217 0.0466
0 0.3981 0.3065 0.0169 0.0565
0 0.5248 0.3417 0.0325 0.0474
0 0.6203 0.2978 0.0284 0.0604
0 0.5566 0.3389 0.0218 0.0535
0 0.5436 0.2988 0.0277 0.0412
0 0.7408 0.3329 0.0204 0.0490
0 0.7069 0.3043 0.0407 0.0548
0 0.3239 0.6508 0.0272 0.0686
0 0.5022 0.4611 0.0318 0.0575
0 0.3242 0.8760 0.0298 0.0745
0 0.3199 0.5071 0.0262 0.0561
0 0.4601 0.2986 0.0207 0.0487
0 0.3795 0.2735 0.0261 0.0277
0 0.7758 0.2790 0.0312 0.0476
0 0.4978 0.5340 0.0404 0.0467
0 0.5018 0.7413 0.0346 0.0701
0 0.4347 0.2750 0.0322 0.0270
0 0.4844 0.2732 0.0266 0.0281
0 0.2658 0.3558 0.0227 0.0607
0 0.3386 0.2813 0.0273 0.0306
0 0.4228 0.2756 0.0325 0.0260
0 0.5676 0.2646 0.0292 0.0241
0 0.5746 0.2642 0.0236 0.0254
0 0.0122 0.3382 0.0283 0.0250
0 0.7563 0.2918 0.0277 0.0524
0 0.5061 0.2756 0.0251 0.0266
0 0.7234 0.2993 0.0477 0.0438
0 0.6175 0.2668 0.0192 0.0320
