0 0.4925 0.5944 0.0334 0.0708
0 0.2915 0.4206 0.0371 0.0602
0 0.6874 0.3438 0.0213 0.0525
0 0.5590 0.3387 0.0429 0.0388
0 0.7978 0.3393 0.0273 0.0570
0 0.4842 0.3083 0.0256 0.0435
0 0.3697 0.3110 0.0251 0.0517
0 0.5439 0.3012 0.0232 0.0433
0 0.5265 0.4233 0.0495 0.0322
0 0.3302 0.2749 0.0354 0.0519
0 0.7429 0.3325 0.0214 0.0529
0 0.8423 0.3870 0.0186 0.0688
0 0.5339 0.4878 0.0364 0.0609
0 0.4088 0.2951 0.0206 0.0491
0 0.2728 0.6465 0.0293 0.0630
0 0.4612 0.7733 0.0295 0.0699
0 0.5732 0.3678 0.0350 0.0436
0 0.8291 0.3296 0.0194 0.0489
0 0.4891 0.2729 0.0216 0.0277
0 0.6169 0.2684 0.0205 0.0313
0 0.6470 0.2969 0.0477 0.0303
0 0.4803 0.4276 0.0350 0.0509
0 0.6231 0.9854 0.0374 0.0298
0 0.7701 0.3291 0.0270 0.0447
0 0.3644 0.2792 0.0248 0.0283
0 0.5510 0.2656 0.0209 0.0218
0 0.4200 0.2747 0.0205 0.0298
0 0.8167 0.2961 0.0506 0.0268
