0 0.8366 0.3466 0.0268 0.0464
0 0.3790 0.5589 0.0322 0.0598
0 0.6186 0.3805 0.0267 0.0547
0 0.2662 0.3484 0.0234 0.0581
0 0.2829 0.6222 0.0438 0.0609
0 0.6495 0.5196 0.0297 0.0566
0 0.2772 0.4429 0.0205 0.0638
0 0.3046 0.4226 0.0386 0.0451
0 0.3994 0.3066 0.0206 0.0582
0 0.3185 0.5169 0.0281 0.0577
0 0.4338 0.6949 0.0219 0.0765
0 0.4905 0.3098 0.0224 0.0457
0 0.3628 0.4500 0.0526 0.0341
0 0.5263 0.3397 0.0344 0.0467
0 0.3390 0.3073 0.0248 0.0542
0 0.4837 0.4605 0.0348 0.0574
0 0.7750 0.2702 0.0268 0.0430
0 0.7400 0.3331 0.0193 0.0516
0 0.5425 0.3007 0.0237 0.0455
0 0.5572 0.3387 0.0208 0.0504
0 0.7025 0.3076 0.0412 0.0518
0 0.6190 0.2944 0.0268 0.0607
0 0.3777 0.2696 0.0301 0.0306
0 0.4949 0.5380 0.0432 0.0466
0 0.4603 0.2971 0.0212 0.0504
0 0.4836 0.2719 0.0265 0.0268
0 0.4385 0.2757 0.0326 0.0273
0 0.3234 0.6412 0.0267 0.0663
0 0.5762 0.2629 0.0215 0.0245
0 0.7271 0.3044 0.0509 0.0376
0 0.3389 0.2819 0.0290 0.0301
0 0.3917 0.8623 0.0281 0.0657
0 0.0113 0.3382 0.0267 0.0251
0 0.5063 0.2766 0.0229 0.0293
