0 0.2821 0.6226 0.0426 0.0612
0 0.8366 0.3466 0.0264 0.0468
0 0.3796 0.5645 0.0311 0.0630
0 0.2638 0.3453 0.0231 0.0534
0 0.6524 0.5294 0.0284 0.0584
0 0.3056 0.4217 0.0367 0.0480
0 0.2767 0.4403 0.0227 0.0598
0 0.4899 0.3097 0.0231 0.0460
0 0.3997 0.3081 0.0218 0.0552
0 0.6194 0.3869 0.0272 0.0598
0 0.3151 0.5223 0.0290 0.0592
0 0.3402 0.3096 0.0251 0.0481
0 0.5251 0.3397 0.0315 0.0491
0 0.4582 0.4774 0.0408 0.0458
0 0.6977 0.3079 0.0340 0.0551
0 0.7409 0.3320 0.0189 0.0557
0 0.4496 0.2942 0.0342 0.0433
0 0.6193 0.2957 0.0234 0.0645
0 0.7701 0.2675 0.0233 0.0467
0 0.5544 0.3374 0.0217 0.0538
0 0.3604 0.4538 0.0526 0.0384
0 0.3244 0.6385 0.0245 0.0752
0 0.5435 0.2996 0.0237 0.0438
0 0.4935 0.5390 0.0417 0.0466
0 0.4265 0.6474 0.0212 0.0725
0 0.4338 0.8263 0.0235 0.0772
0 0.4760 0.2740 0.0284 0.0289
0 0.3724 0.2694 0.0321 0.0289
0 0.3399 0.2800 0.0258 0.0288
0 0.4183 0.2747 0.0266 0.0258
0 0.5076 0.2774 0.0276 0.0318
0 0.0112 0.3382 0.0266 0.0251
0 0.5602 0.2632 0.0348 0.0217
