0 0.2791 0.6239 0.0426 0.0599
0 0.8364 0.3466 0.0267 0.0465
0 0.2610 0.3453 0.0295 0.0537
0 0.3807 0.5614 0.0333 0.0587
0 0.3262 0.6334 0.0237 0.0684
0 0.2760 0.4373 0.0248 0.0566
0 0.3062 0.4218 0.0368 0.0486
0 0.3977 0.3042 0.0211 0.0529
0 0.5261 0.3404 0.0335 0.0482
0 0.6553 0.5319 0.0259 0.0580
0 0.3405 0.3083 0.0252 0.0489
0 0.4911 0.3108 0.0229 0.0450
0 0.7409 0.3339 0.0175 0.0516
0 0.7703 0.2624 0.0271 0.0465
0 0.4406 0.2979 0.0233 0.0466
0 0.4417 0.7673 0.0288 0.0709
0 0.3547 0.4607 0.0486 0.0471
0 0.5438 0.3001 0.0227 0.0449
0 0.4824 0.2728 0.0264 0.0269
0 0.6970 0.3084 0.0383 0.0459
0 0.6204 0.3907 0.0298 0.0560
0 0.6196 0.2956 0.0246 0.0634
0 0.3726 0.2690 0.0335 0.0301
0 0.5534 0.3381 0.0224 0.0537
0 0.4947 0.5381 0.0442 0.0436
0 0.4589 0.6055 0.0262 0.0739
0 0.4165 0.4912 0.0307 0.0451
0 0.4221 0.2743 0.0222 0.0251
0 0.3371 0.2798 0.0269 0.0281
0 0.0111 0.3381 0.0264 0.0251
0 0.5795 0.2615 0.0248 0.0219
0 0.7212 0.2912 0.0513 0.0403
0 0.5070 0.2781 0.0217 0.0341
