0 0.2586 0.3481 0.0327 0.0572
0 0.8364 0.3465 0.0266 0.0469
0 0.3788 0.5574 0.0342 0.0574
0 0.3270 0.6324 0.0234 0.0673
0 0.3084 0.4229 0.0292 0.0525
0 0.2756 0.4339 0.0267 0.0576
0 0.4525 0.7023 0.0403 0.0594
0 0.2778 0.6242 0.0447 0.0590
0 0.5253 0.3409 0.0292 0.0536
0 0.3996 0.5060 0.0269 0.0667
0 0.7414 0.3333 0.0182 0.0529
0 0.4900 0.3108 0.0256 0.0445
0 0.3413 0.3080 0.0227 0.0475
0 0.3995 0.2999 0.0207 0.0465
0 0.6926 0.3117 0.0392 0.0371
0 0.4358 0.3086 0.0218 0.0451
0 0.5525 0.3385 0.0218 0.0583
0 0.6233 0.3952 0.0313 0.0547
0 0.4860 0.2733 0.0340 0.0280
0 0.3733 0.2682 0.0292 0.0337
0 0.6207 0.2961 0.0205 0.0624
0 0.5453 0.2976 0.0216 0.0455
0 0.7653 0.2596 0.0247 0.0447
0 0.3516 0.4662 0.0429 0.0478
0 0.6564 0.5384 0.0229 0.0617
0 0.5035 0.5769 0.0357 0.0655
0 0.4954 0.5411 0.0397 0.0425
0 0.3364 0.2792 0.0295 0.0286
0 0.4198 0.2754 0.0217 0.0272
0 0.2573 0.5971 0.0240 0.0624
0 0.5582 0.2664 0.0257 0.0238
0 0.7320 0.2791 0.0373 0.0333
0 0.0109 0.3384 0.0258 0.0250
0 0.6194 0.2673 0.0172 0.0336
0 0.5186 0.2914 0.0260 0.0365
0 0.5766 0.2632 0.0263 0.0239
