0 0.6265 0.4003 0.0354 0.0518
0 0.8365 0.3466 0.0264 0.0465
0 0.2781 0.6244 0.0444 0.0562
0 0.3791 0.5590 0.0314 0.0571
0 0.3502 0.4706 0.0413 0.0531
0 0.3268 0.6314 0.0235 0.0696
0 0.3080 0.4230 0.0272 0.0527
0 0.4934 0.5436 0.0497 0.0452
0 0.3988 0.5074 0.0234 0.0661
0 0.4903 0.3103 0.0267 0.0458
0 0.3439 0.3063 0.0237 0.0514
0 0.5266 0.3397 0.0302 0.0495
0 0.2606 0.3538 0.0205 0.0602
0 0.7414 0.3342 0.0181 0.0493
0 0.5541 0.3391 0.0209 0.0554
0 0.6569 0.5400 0.0251 0.0615
0 0.3740 0.2673 0.0334 0.0386
0 0.4761 0.6466 0.0381 0.0536
0 0.4321 0.3165 0.0261 0.0457
0 0.6189 0.2975 0.0248 0.0614
0 0.5449 0.2984 0.0253 0.0468
0 0.7648 0.2566 0.0314 0.0460
0 0.4824 0.2738 0.0303 0.0303
0 0.6863 0.3105 0.0391 0.0330
0 0.4004 0.2916 0.0249 0.0432
0 0.2718 0.4302 0.0248 0.0608
0 0.5529 0.5575 0.0464 0.0565
0 0.4195 0.2743 0.0265 0.0329
0 0.5568 0.2670 0.0226 0.0238
0 0.5153 0.2935 0.0257 0.0421
0 0.3378 0.2813 0.0293 0.0299
0 0.7245 0.2773 0.0338 0.0319
0 0.1916 0.7176 0.0279 0.0592
0 0.6199 0.2702 0.0207 0.0361
0 0.0103 0.3385 0.0246 0.0252
