0 0.6292 0.4040 0.0369 0.0537
0 0.3484 0.4756 0.0439 0.0511
0 0.2788 0.6243 0.0458 0.0547
0 0.8366 0.3464 0.0262 0.0465
0 0.3787 0.5576 0.0294 0.0582
0 0.2672 0.4236 0.0267 0.0583
0 0.3278 0.6304 0.0227 0.0706
0 0.4914 0.5455 0.0424 0.0482
0 0.3098 0.4241 0.0283 0.0532
0 0.5274 0.3373 0.0283 0.0527
0 0.4902 0.3105 0.0262 0.0453
0 0.7413 0.3342 0.0183 0.0501
0 0.3447 0.3068 0.0238 0.0477
0 0.3985 0.5046 0.0224 0.0690
0 0.6577 0.5394 0.0228 0.0619
0 0.2632 0.3544 0.0233 0.0568
0 0.6199 0.3002 0.0239 0.0557
0 0.6099 0.5798 0.0358 0.0581
0 0.3722 0.2696 0.0318 0.0352
0 0.5556 0.3375 0.0195 0.0542
0 0.5447 0.2992 0.0248 0.0457
0 0.4911 0.2731 0.0265 0.0297
0 0.7308 0.2760 0.0436 0.0334
0 0.7562 0.2577 0.0345 0.0433
0 0.4299 0.3317 0.0311 0.0516
0 0.5162 0.6059 0.0272 0.0604
0 0.5133 0.3013 0.0269 0.0466
0 0.4103 0.2820 0.0267 0.0436
0 0.5564 0.2685 0.0214 0.0240
0 0.4025 0.2876 0.0250 0.0428
0 0.6763 0.3121 0.0275 0.0324
0 0.3379 0.2803 0.0308 0.0282
0 0.1005 0.9091 0.0276 0.0736
0 0.0100 0.3383 0.0238 0.0253
0 0.6187 0.2666 0.0186 0.0309
0 0.1358 0.9850 0.0305 0.0326
