0 0.3459 0.4833 0.0426 0.0514
0 0.6307 0.4074 0.0365 0.0556
0 0.8366 0.3463 0.0260 0.0462
0 0.2789 0.6249 0.0459 0.0516
0 0.2656 0.4180 0.0260 0.0561
0 0.4219 0.3441 0.0287 0.0517
0 0.3791 0.5589 0.0250 0.0586
0 0.3261 0.6294 0.0226 0.0695
0 0.4004 0.4962 0.0214 0.0617
0 0.4888 0.5497 0.0325 0.0525
0 0.5271 0.3379 0.0298 0.0522
0 0.3110 0.4254 0.0304 0.0543
0 0.7415 0.3344 0.0186 0.0499
0 0.3450 0.3066 0.0237 0.0470
0 0.4901 0.3103 0.0240 0.0462
0 0.6194 0.2984 0.0234 0.0598
0 0.2627 0.3614 0.0257 0.0527
0 0.4920 0.2730 0.0244 0.0299
0 0.5566 0.3376 0.0181 0.0566
0 0.5449 0.3017 0.0239 0.0510
0 0.3746 0.2697 0.0391 0.0284
0 0.6469 0.5789 0.0299 0.0772
0 0.7537 0.2566 0.0348 0.0402
0 0.5563 0.2712 0.0209 0.0272
0 0.5145 0.3045 0.0266 0.0491
0 0.4031 0.2902 0.0217 0.0434
0 0.6765 0.3122 0.0327 0.0372
0 0.3375 0.2796 0.0320 0.0273
0 0.4169 0.2797 0.0236 0.0379
0 0.6184 0.2641 0.0191 0.0300
0 0.6529 0.5438 0.0279 0.0697
0 0.7361 0.2740 0.0384 0.0404
0 0.5636 0.5604 0.0248 0.0546
0 0.0103 0.3382 0.0244 0.0252
