0 0.6314 0.4108 0.0344 0.0569
0 0.3434 0.4920 0.0370 0.0592
0 0.2790 0.6249 0.0471 0.0527
0 0.8366 0.3462 0.0262 0.0460
0 0.3261 0.6291 0.0232 0.0704
0 0.2650 0.4128 0.0230 0.0565
0 0.3993 0.4923 0.0219 0.0615
0 0.4878 0.5493 0.0267 0.0569
0 0.3782 0.5599 0.0260 0.0590
0 0.7415 0.3350 0.0193 0.0491
0 0.6584 0.5815 0.0262 0.0761
0 0.3112 0.4257 0.0301 0.0553
0 0.6177 0.2961 0.0245 0.0631
0 0.5285 0.3369 0.0286 0.0496
0 0.4897 0.3109 0.0234 0.0447
0 0.3469 0.3059 0.0306 0.0421
0 0.4902 0.2724 0.0278 0.0275
0 0.5564 0.3349 0.0184 0.0549
0 0.5973 0.5381 0.0256 0.0704
0 0.7440 0.2559 0.0371 0.0442
0 0.5445 0.3016 0.0268 0.0487
0 0.5124 0.3043 0.0270 0.0473
0 0.5571 0.2708 0.0203 0.0276
0 0.3675 0.2734 0.0449 0.0306
0 0.4185 0.3557 0.0309 0.0492
0 0.2644 0.3593 0.0299 0.0473
0 0.4075 0.2814 0.0288 0.0364
0 0.6749 0.3123 0.0334 0.0381
0 0.6848 0.3053 0.0484 0.0425
0 0.6564 0.5447 0.0221 0.0760
0 0.3422 0.2789 0.0414 0.0273
0 0.6176 0.2649 0.0210 0.0316
0 0.0104 0.3382 0.0246 0.0251
