0 0.6321 0.4152 0.0298 0.0591
0 0.2788 0.6247 0.0472 0.0525
0 0.8367 0.3461 0.0261 0.0461
0 0.3777 0.5618 0.0284 0.0629
0 0.2640 0.4092 0.0242 0.0554
0 0.3981 0.4857 0.0208 0.0607
0 0.4145 0.3696 0.0307 0.0478
0 0.4865 0.5518 0.0238 0.0597
0 0.7412 0.3343 0.0193 0.0504
0 0.3241 0.6294 0.0245 0.0703
0 0.6197 0.3008 0.0257 0.0546
0 0.3107 0.4256 0.0300 0.0565
0 0.5274 0.3379 0.0277 0.0474
0 0.4898 0.3108 0.0225 0.0437
0 0.3470 0.2999 0.0281 0.0477
0 0.4901 0.2718 0.0237 0.0273
0 0.6713 0.5605 0.0288 0.0797
0 0.4086 0.2792 0.0307 0.0313
0 0.6276 0.5247 0.0288 0.0618
0 0.2701 0.3610 0.0383 0.0431
0 0.5552 0.3344 0.0190 0.0551
0 0.5443 0.3023 0.0254 0.0513
0 0.3406 0.4983 0.0313 0.0593
0 0.6748 0.3111 0.0330 0.0396
0 0.7362 0.2577 0.0396 0.0464
0 0.5562 0.2713 0.0183 0.0281
0 0.3710 0.2772 0.0401 0.0355
0 0.5097 0.3085 0.0252 0.0526
0 0.3399 0.2801 0.0367 0.0301
0 0.6830 0.3037 0.0436 0.0418
0 0.0107 0.3381 0.0253 0.0249
