0 0.2786 0.6257 0.0452 0.0519
0 0.8367 0.3463 0.0260 0.0460
0 0.3777 0.5647 0.0263 0.0639
0 0.2619 0.4057 0.0266 0.0576
0 0.4890 0.5506 0.0285 0.0576
0 0.6320 0.4170 0.0276 0.0570
0 0.4112 0.3768 0.0348 0.0451
0 0.3963 0.4778 0.0196 0.0609
0 0.7413 0.3339 0.0192 0.0505
0 0.3383 0.5042 0.0336 0.0565
0 0.5276 0.3392 0.0270 0.0489
0 0.6206 0.3005 0.0304 0.0499
0 0.3109 0.4259 0.0292 0.0547
0 0.3458 0.3003 0.0224 0.0434
0 0.7053 0.5415 0.0235 0.0657
0 0.4795 0.2723 0.0240 0.0270
0 0.5444 0.3017 0.0266 0.0502
0 0.6496 0.5456 0.0358 0.0755
0 0.4522 0.9405 0.0301 0.0769
0 0.4912 0.3098 0.0265 0.0444
0 0.3233 0.6285 0.0233 0.0719
0 0.5557 0.3351 0.0203 0.0540
0 0.7336 0.2569 0.0386 0.0506
0 0.3751 0.2764 0.0372 0.0284
0 0.4127 0.2764 0.0307 0.0295
0 0.6741 0.3115 0.0284 0.0407
0 0.2743 0.3587 0.0452 0.0389
0 0.5624 0.2720 0.0204 0.0313
0 0.5057 0.3119 0.0285 0.0452
0 0.6925 0.2941 0.0429 0.0390
0 0.3421 0.2774 0.0385 0.0266
0 0.0109 0.3381 0.0256 0.0249
