0 0.2915 0.4200 0.0378 0.0587
0 0.4879 0.5813 0.0295 0.0685
0 0.6875 0.3437 0.0200 0.0558
0 0.3323 0.2695 0.0276 0.0559
0 0.7993 0.3377 0.0222 0.0621
0 0.5616 0.3423 0.0424 0.0400
0 0.4842 0.3082 0.0254 0.0441
0 0.7422 0.3321 0.0215 0.0534
0 0.5443 0.3016 0.0228 0.0439
0 0.5303 0.4238 0.0459 0.0524
0 0.2729 0.6475 0.0261 0.0619
0 0.4891 0.4532 0.0257 0.0530
0 0.4681 0.6843 0.0297 0.0656
0 0.4898 0.2728 0.0208 0.0281
0 0.4070 0.2905 0.0190 0.0474
0 0.3678 0.3168 0.0277 0.0492
0 0.8277 0.3329 0.0238 0.0695
0 0.6162 0.2684 0.0214 0.0339
0 0.5736 0.3683 0.0340 0.0456
0 0.8294 0.3075 0.0281 0.0527
0 0.7685 0.3282 0.0238 0.0422
0 0.6450 0.2957 0.0444 0.0322
0 0.5506 0.2657 0.0206 0.0219
0 0.4162 0.2769 0.0231 0.0341
0 0.3651 0.2780 0.0254 0.0255
