0 0.3353 0.5110 0.0381 0.0573
0 0.2559 0.4047 0.0341 0.0546
0 0.2785 0.6252 0.0451 0.0530
0 0.8367 0.3463 0.0261 0.0463
0 0.6315 0.4172 0.0250 0.0586
0 0.4091 0.3810 0.0318 0.0450
0 0.4895 0.5518 0.0352 0.0555
0 0.7414 0.3343 0.0191 0.0505
0 0.3771 0.5678 0.0237 0.0620
0 0.6167 0.2972 0.0338 0.0576
0 0.3462 0.2988 0.0245 0.0430
0 0.5549 0.3348 0.0204 0.0540
0 0.6726 0.3111 0.0290 0.0410
0 0.7233 0.5387 0.0221 0.0754
0 0.5445 0.3014 0.0248 0.0504
0 0.2812 0.3538 0.0439 0.0377
0 0.3725 0.2758 0.0383 0.0322
0 0.5281 0.3389 0.0266 0.0472
0 0.4927 0.3100 0.0287 0.0445
0 0.7291 0.2598 0.0360 0.0493
0 0.4901 0.2702 0.0227 0.0252
0 0.3956 0.4664 0.0206 0.0631
0 0.4158 0.2753 0.0254 0.0269
0 0.6628 0.6107 0.0260 0.0735
0 0.3229 0.6270 0.0261 0.0740
0 0.3121 0.4274 0.0279 0.0551
0 0.5627 0.2719 0.0211 0.0310
0 0.5060 0.3116 0.0305 0.0467
0 0.6574 0.5334 0.0223 0.0590
0 0.4619 0.8513 0.0250 0.0678
0 0.0107 0.3381 0.0252 0.0249
0 0.3382 0.2786 0.0349 0.0282
