0 0.3320 0.5152 0.0382 0.0551
0 0.8367 0.3464 0.0261 0.0463
0 0.2781 0.6255 0.0438 0.0529
0 0.6298 0.4149 0.0210 0.0595
0 0.4880 0.5520 0.0335 0.0547
0 0.3871 0.4029 0.0380 0.0520
0 0.4810 0.7690 0.0291 0.0746
0 0.2532 0.4037 0.0334 0.0514
0 0.7416 0.3332 0.0192 0.0485
0 0.3775 0.5673 0.0224 0.0612
0 0.5276 0.3384 0.0266 0.0507
0 0.7428 0.5390 0.0285 0.0683
0 0.6150 0.2970 0.0274 0.0573
0 0.4942 0.3120 0.0306 0.0461
0 0.5545 0.3338 0.0195 0.0568
0 0.2832 0.3512 0.0398 0.0439
0 0.6570 0.5328 0.0222 0.0573
0 0.5448 0.2991 0.0241 0.0516
0 0.4926 0.2695 0.0214 0.0251
0 0.3711 0.2741 0.0420 0.0297
0 0.5628 0.2729 0.0201 0.0346
0 0.7206 0.2580 0.0468 0.0413
0 0.4170 0.2746 0.0236 0.0251
0 0.3210 0.6232 0.0257 0.0686
0 0.3116 0.4274 0.0286 0.0541
0 0.3917 0.4588 0.0231 0.0603
0 0.6763 0.3092 0.0302 0.0470
0 0.6769 0.6518 0.0331 0.0666
0 0.3512 0.2947 0.0212 0.0429
0 0.3440 0.2776 0.0350 0.0270
0 0.0105 0.3382 0.0250 0.0249
0 0.5045 0.3148 0.0299 0.0444
