0 0.8367 0.3463 0.0261 0.0463
0 0.4895 0.5526 0.0369 0.0558
0 0.5091 0.6998 0.0274 0.0766
0 0.2765 0.6259 0.0405 0.0535
0 0.5228 0.3378 0.0325 0.0493
0 0.7415 0.3326 0.0191 0.0493
0 0.3891 0.4505 0.0219 0.0583
0 0.6274 0.4133 0.0213 0.0570
0 0.3778 0.5673 0.0229 0.0632
0 0.6169 0.2954 0.0286 0.0576
0 0.3324 0.5141 0.0395 0.0672
0 0.3202 0.6180 0.0272 0.0705
0 0.2878 0.3475 0.0379 0.0472
0 0.2517 0.4036 0.0340 0.0535
0 0.4909 0.3118 0.0253 0.0443
0 0.5530 0.3339 0.0216 0.0546
0 0.7097 0.2577 0.0414 0.0387
0 0.3731 0.2753 0.0401 0.0360
0 0.6577 0.5332 0.0225 0.0566
0 0.6962 0.6938 0.0383 0.0485
0 0.5438 0.3000 0.0287 0.0470
0 0.4926 0.2697 0.0202 0.0247
0 0.3120 0.4303 0.0293 0.0540
0 0.5615 0.2734 0.0218 0.0331
0 0.0324 0.9611 0.0375 0.0792
0 0.7615 0.5390 0.0198 0.0738
0 0.4186 0.2742 0.0222 0.0241
0 0.6764 0.3093 0.0278 0.0477
0 0.3531 0.2926 0.0226 0.0428
0 0.3423 0.4890 0.0415 0.0590
0 0.3382 0.2779 0.0293 0.0285
0 0.0106 0.3382 0.0251 0.0248
0 0.1353 0.9847 0.0323 0.0323
