0 0.8367 0.3463 0.0261 0.0462
0 0.4884 0.5525 0.0325 0.0583
0 0.2919 0.3452 0.0394 0.0496
0 0.3890 0.4433 0.0204 0.0582
0 0.6248 0.4133 0.0302 0.0526
0 0.3242 0.5288 0.0407 0.0545
0 0.7052 0.2623 0.0449 0.0344
0 0.3186 0.6158 0.0295 0.0696
0 0.7417 0.3330 0.0189 0.0468
0 0.3100 0.4322 0.0333 0.0479
0 0.5218 0.3368 0.0334 0.0482
0 0.1002 0.8508 0.0388 0.0842
0 0.2760 0.6266 0.0372 0.0544
0 0.6170 0.2934 0.0288 0.0626
0 0.7558 0.5324 0.0283 0.0633
0 0.4906 0.3122 0.0240 0.0449
0 0.3761 0.5667 0.0225 0.0655
0 0.2519 0.3987 0.0328 0.0485
0 0.6578 0.5331 0.0220 0.0565
0 0.5534 0.3325 0.0218 0.0551
0 0.5397 0.6408 0.0282 0.0685
0 0.7369 0.7284 0.0524 0.0499
0 0.3761 0.2750 0.0344 0.0326
0 0.5626 0.2743 0.0213 0.0341
0 0.5444 0.3040 0.0262 0.0490
0 0.4228 0.2742 0.0196 0.0261
0 0.6764 0.3097 0.0290 0.0439
0 0.4937 0.2700 0.0183 0.0248
0 0.3529 0.2933 0.0230 0.0431
0 0.2840 0.6876 0.0373 0.0985
0 0.3398 0.2775 0.0349 0.0265
0 0.7218 0.2929 0.0412 0.0282
0 0.0110 0.3383 0.0259 0.0247
0 0.1363 0.9845 0.0307 0.0326
