0 0.6254 0.4130 0.0379 0.0449
0 0.8367 0.3463 0.0260 0.0461
0 0.7006 0.2650 0.0409 0.0363
0 0.2763 0.6258 0.0391 0.0560
0 0.5169 0.3375 0.0376 0.0489
0 0.4880 0.5561 0.0313 0.0570
0 0.7401 0.5095 0.0314 0.0589
0 0.2967 0.3400 0.0354 0.0504
0 0.3091 0.4350 0.0346 0.0501
0 0.3885 0.4381 0.0217 0.0556
0 0.7418 0.3330 0.0189 0.0477
0 0.3184 0.6144 0.0317 0.0717
0 0.3760 0.5662 0.0218 0.0625
0 0.5676 0.5905 0.0242 0.0695
0 0.6165 0.2949 0.0302 0.0524
0 0.4899 0.3126 0.0249 0.0438
0 0.2466 0.3951 0.0304 0.0556
0 0.7978 0.7814 0.0532 0.0488
0 0.5447 0.3008 0.0310 0.0443
0 0.5548 0.3323 0.0223 0.0522
0 0.3744 0.2749 0.0290 0.0322
0 0.1764 0.7538 0.0415 0.0856
0 0.4921 0.2713 0.0199 0.0260
0 0.6576 0.5337 0.0208 0.0596
0 0.3198 0.5376 0.0389 0.0582
0 0.5642 0.2752 0.0208 0.0350
0 0.4240 0.2746 0.0172 0.0265
0 0.6769 0.3134 0.0290 0.0356
0 0.3415 0.2794 0.0365 0.0312
0 0.3533 0.2908 0.0239 0.0426
0 0.1366 0.9846 0.0309 0.0334
0 0.0111 0.3382 0.0261 0.0246
0 0.7235 0.2954 0.0382 0.0265
