0 0.6239 0.4139 0.0415 0.0423
0 0.8368 0.3461 0.0258 0.0460
0 0.4886 0.5574 0.0348 0.0584
0 0.2998 0.3344 0.0364 0.0538
0 0.5140 0.3403 0.0354 0.0479
0 0.3173 0.5423 0.0418 0.0549
0 0.7423 0.3330 0.0192 0.0487
0 0.3095 0.4337 0.0348 0.0452
0 0.6923 0.2680 0.0377 0.0413
0 0.2451 0.3904 0.0276 0.0555
0 0.3167 0.6127 0.0331 0.0672
0 0.4897 0.3125 0.0238 0.0432
0 0.5527 0.3328 0.0243 0.0492
0 0.5457 0.2987 0.0288 0.0473
0 0.6145 0.2915 0.0318 0.0554
0 0.5835 0.5333 0.0210 0.0714
0 0.4919 0.2711 0.0204 0.0261
0 0.2775 0.6248 0.0348 0.0555
0 0.6577 0.5380 0.0219 0.0642
0 0.2534 0.6844 0.0383 0.0787
0 0.3857 0.4270 0.0229 0.0588
0 0.7173 0.4986 0.0335 0.0543
0 0.3694 0.2787 0.0348 0.0371
0 0.3758 0.5732 0.0204 0.0666
0 0.4240 0.2746 0.0177 0.0279
0 0.8715 0.8154 0.0559 0.0432
0 0.5632 0.2739 0.0187 0.0309
0 0.6765 0.3128 0.0270 0.0347
0 0.7244 0.3001 0.0381 0.0284
0 0.3377 0.2802 0.0286 0.0317
0 0.3595 0.2881 0.0233 0.0436
0 0.0106 0.3384 0.0250 0.0250
