0 0.8368 0.3460 0.0260 0.0462
0 0.3841 0.4154 0.0211 0.0616
0 0.2433 0.3847 0.0262 0.0548
0 0.3015 0.3288 0.0355 0.0555
0 0.5880 0.4905 0.0210 0.0695
0 0.3098 0.4356 0.0355 0.0450
0 0.3142 0.5450 0.0422 0.0555
0 0.6220 0.4129 0.0429 0.0390
0 0.5237 0.3430 0.0263 0.0511
0 0.2775 0.6256 0.0399 0.0599
0 0.7429 0.3327 0.0179 0.0493
0 0.6574 0.5405 0.0212 0.0670
0 0.5528 0.3317 0.0272 0.0514
0 0.4873 0.5613 0.0392 0.0486
0 0.4897 0.3121 0.0250 0.0439
0 0.3767 0.5744 0.0218 0.0644
0 0.6870 0.2736 0.0488 0.0319
0 0.3147 0.6241 0.0303 0.0832
0 0.5462 0.2980 0.0290 0.0475
0 0.6174 0.2931 0.0315 0.0512
0 0.6868 0.4979 0.0276 0.0565
0 0.4916 0.2707 0.0193 0.0255
0 0.4979 0.3443 0.0249 0.0505
0 0.3732 0.2800 0.0309 0.0398
0 0.4241 0.2741 0.0168 0.0285
0 0.6882 0.3084 0.0412 0.0381
0 0.5646 0.2757 0.0171 0.0323
0 0.6759 0.3108 0.0241 0.0393
0 0.3414 0.2807 0.0240 0.0314
0 0.6135 0.2752 0.0277 0.0410
0 0.0108 0.3383 0.0253 0.0249
0 0.7201 0.3009 0.0347 0.0279
0 0.3603 0.2876 0.0263 0.0403
