0 0.3848 0.4056 0.0223 0.0598
0 0.2415 0.3771 0.0238 0.0579
0 0.8368 0.3460 0.0258 0.0465
0 0.5844 0.4541 0.0209 0.0652
0 0.2764 0.6268 0.0394 0.0565
0 0.3149 0.5444 0.0413 0.0519
0 0.3103 0.4353 0.0378 0.0416
0 0.6199 0.4101 0.0451 0.0362
0 0.6715 0.4816 0.0287 0.0621
0 0.5516 0.3303 0.0317 0.0534
0 0.7440 0.3335 0.0183 0.0513
0 0.4897 0.3116 0.0249 0.0451
0 0.5229 0.3429 0.0253 0.0525
0 0.6569 0.5397 0.0205 0.0657
0 0.4848 0.5626 0.0357 0.0479
0 0.3737 0.5854 0.0324 0.0745
0 0.4974 0.3486 0.0262 0.0526
0 0.3048 0.3252 0.0347 0.0508
0 0.3189 0.6111 0.0287 0.0621
0 0.3755 0.2784 0.0258 0.0398
0 0.5481 0.2955 0.0296 0.0469
0 0.6182 0.2912 0.0316 0.0537
0 0.4914 0.2711 0.0184 0.0257
0 0.6863 0.2737 0.0448 0.0322
0 0.6871 0.3032 0.0432 0.0465
0 0.4243 0.2743 0.0168 0.0273
0 0.3426 0.2820 0.0270 0.0353
0 0.5618 0.2788 0.0189 0.0382
0 0.6152 0.2761 0.0275 0.0414
0 0.6758 0.3034 0.0313 0.0506
0 0.0106 0.3381 0.0249 0.0249
0 0.3644 0.5591 0.0392 0.0396
0 0.3544 0.2863 0.0228 0.0396
