0 0.2401 0.3694 0.0233 0.0592
0 0.8368 0.3460 0.0256 0.0467
0 0.2764 0.6264 0.0402 0.0566
0 0.3103 0.4349 0.0393 0.0413
0 0.3147 0.5449 0.0394 0.0494
0 0.6666 0.4442 0.0235 0.0654
0 0.5792 0.4332 0.0216 0.0685
0 0.6175 0.4099 0.0480 0.0330
0 0.4889 0.3114 0.0228 0.0451
0 0.3837 0.3960 0.0206 0.0573
0 0.5514 0.3307 0.0310 0.0525
0 0.7442 0.3334 0.0179 0.0508
0 0.4848 0.5636 0.0368 0.0468
0 0.3767 0.5682 0.0239 0.0851
0 0.4954 0.3535 0.0303 0.0528
0 0.3190 0.6115 0.0271 0.0684
0 0.5239 0.3434 0.0264 0.0520
0 0.5469 0.2969 0.0290 0.0472
0 0.6982 0.3033 0.0471 0.0415
0 0.3752 0.2763 0.0259 0.0410
0 0.4912 0.2713 0.0189 0.0260
0 0.6182 0.2917 0.0304 0.0498
0 0.6566 0.5380 0.0223 0.0664
0 0.4225 0.2742 0.0183 0.0269
0 0.3071 0.3177 0.0257 0.0485
0 0.3412 0.2802 0.0263 0.0311
0 0.5604 0.2745 0.0188 0.0304
0 0.6838 0.2768 0.0470 0.0336
0 0.6746 0.2965 0.0344 0.0494
0 0.6148 0.2744 0.0268 0.0382
0 0.0103 0.3382 0.0245 0.0250
