0 0.8368 0.3462 0.0257 0.0468
0 0.2396 0.3642 0.0214 0.0557
0 0.6611 0.4071 0.0277 0.0636
0 0.2764 0.6261 0.0391 0.0568
0 0.3110 0.4346 0.0412 0.0407
0 0.3132 0.5443 0.0359 0.0513
0 0.4891 0.3115 0.0218 0.0456
0 0.4859 0.5603 0.0397 0.0503
0 0.6157 0.4083 0.0456 0.0332
0 0.7443 0.3326 0.0180 0.0500
0 0.5254 0.3424 0.0273 0.0495
0 0.3826 0.3887 0.0187 0.0577
0 0.3183 0.6125 0.0279 0.0714
0 0.5476 0.2975 0.0322 0.0451
0 0.5541 0.3310 0.0271 0.0515
0 0.3709 0.5914 0.0202 0.0634
0 0.3082 0.3138 0.0248 0.0459
0 0.4914 0.2716 0.0198 0.0277
0 0.5731 0.4333 0.0199 0.0691
0 0.6554 0.5338 0.0230 0.0593
0 0.3702 0.5471 0.0219 0.0765
0 0.3733 0.2759 0.0276 0.0361
0 0.6990 0.3068 0.0412 0.0423
0 0.6186 0.2929 0.0320 0.0456
0 0.4913 0.3594 0.0262 0.0509
0 0.6745 0.3074 0.0336 0.0465
0 0.4234 0.2738 0.0179 0.0264
0 0.5599 0.2719 0.0194 0.0297
0 0.3378 0.2803 0.0287 0.0307
0 0.6752 0.2780 0.0468 0.0384
0 0.6161 0.2737 0.0265 0.0385
0 0.3543 0.2882 0.0217 0.0448
0 0.0108 0.3381 0.0254 0.0249
