0 0.2914 0.4199 0.0373 0.0584
0 0.6878 0.3439 0.0201 0.0559
0 0.4871 0.5530 0.0244 0.0731
0 0.3324 0.2702 0.0259 0.0540
0 0.4844 0.3085 0.0255 0.0445
0 0.5626 0.3426 0.0419 0.0408
0 0.5447 0.3016 0.0246 0.0438
0 0.7420 0.3315 0.0212 0.0527
0 0.2729 0.6471 0.0264 0.0622
0 0.4590 0.6027 0.0299 0.0657
0 0.4078 0.2901 0.0220 0.0473
0 0.4899 0.2728 0.0205 0.0282
0 0.8289 0.3299 0.0238 0.0549
0 0.7945 0.3370 0.0310 0.0531
0 0.3679 0.3260 0.0256 0.0472
0 0.6142 0.2684 0.0239 0.0322
0 0.5041 0.3972 0.0390 0.0533
0 0.6464 0.2951 0.0457 0.0308
0 0.5409 0.4270 0.0496 0.0264
0 0.7954 0.3088 0.0278 0.0583
0 0.3633 0.2758 0.0283 0.0284
0 0.5727 0.3689 0.0348 0.0473
0 0.4880 0.5045 0.0282 0.0477
0 0.5511 0.2659 0.0203 0.0220
0 0.8332 0.2995 0.0305 0.0361
0 0.4155 0.2795 0.0248 0.0370
