0 0.8368 0.3463 0.0255 0.0464
0 0.5654 0.4494 0.0221 0.0661
0 0.3106 0.4357 0.0412 0.0423
0 0.2766 0.6257 0.0379 0.0579
0 0.6172 0.4066 0.0519 0.0300
0 0.3814 0.3771 0.0223 0.0561
0 0.4891 0.3114 0.0208 0.0431
0 0.2377 0.3539 0.0205 0.0568
0 0.3415 0.5221 0.0231 0.0706
0 0.3182 0.6132 0.0259 0.0677
0 0.3126 0.5479 0.0321 0.0478
0 0.3739 0.6027 0.0208 0.0679
0 0.7884 0.9544 0.0439 0.0871
0 0.4895 0.3615 0.0274 0.0568
0 0.4834 0.5597 0.0361 0.0449
0 0.7438 0.3333 0.0183 0.0482
0 0.5478 0.2971 0.0339 0.0447
0 0.5260 0.3416 0.0295 0.0459
0 0.3102 0.3108 0.0246 0.0484
0 0.6462 0.3794 0.0398 0.0408
0 0.5561 0.3313 0.0239 0.0506
0 0.3764 0.2719 0.0261 0.0394
0 0.6677 0.3047 0.0379 0.0471
0 0.4902 0.2714 0.0188 0.0266
0 0.6185 0.2953 0.0325 0.0417
0 0.7051 0.3032 0.0414 0.0436
0 0.6573 0.5376 0.0254 0.0639
0 0.4232 0.2738 0.0177 0.0270
0 0.3419 0.2811 0.0319 0.0343
0 0.5614 0.2765 0.0208 0.0350
0 0.0107 0.3383 0.0251 0.0249
0 0.3527 0.2881 0.0250 0.0446
