0 0.2371 0.3467 0.0230 0.0565
0 0.8369 0.3461 0.0252 0.0461
0 0.3104 0.4358 0.0417 0.0415
0 0.4860 0.3692 0.0291 0.0550
0 0.5503 0.4597 0.0269 0.0657
0 0.2762 0.6269 0.0378 0.0570
0 0.3800 0.3711 0.0213 0.0563
0 0.3757 0.6191 0.0254 0.0655
0 0.4889 0.3108 0.0207 0.0423
0 0.6157 0.4059 0.0490 0.0331
0 0.6402 0.3761 0.0304 0.0513
0 0.3182 0.6137 0.0263 0.0656
0 0.3143 0.3059 0.0233 0.0515
0 0.3134 0.5496 0.0368 0.0408
0 0.5484 0.2979 0.0351 0.0445
0 0.5271 0.3412 0.0326 0.0428
0 0.3179 0.5053 0.0275 0.0652
0 0.4820 0.5593 0.0379 0.0482
0 0.7443 0.3337 0.0173 0.0512
0 0.6652 0.3020 0.0365 0.0531
0 0.5564 0.3331 0.0250 0.0481
0 0.6567 0.5338 0.0269 0.0573
0 0.8228 0.8870 0.0460 0.0787
0 0.3797 0.2706 0.0264 0.0356
0 0.4912 0.2716 0.0198 0.0266
0 0.7044 0.3012 0.0369 0.0443
0 0.4233 0.2741 0.0188 0.0284
0 0.6165 0.2810 0.0235 0.0543
0 0.3413 0.2793 0.0352 0.0295
0 0.5583 0.2726 0.0212 0.0308
0 0.3539 0.2894 0.0235 0.0453
0 0.0104 0.3382 0.0246 0.0249
