0 0.2359 0.3439 0.0256 0.0563
0 0.8369 0.3461 0.0250 0.0461
0 0.4838 0.3726 0.0305 0.0515
0 0.3096 0.4363 0.0389 0.0427
0 0.2763 0.6263 0.0377 0.0584
0 0.3152 0.5441 0.0379 0.0559
0 0.4889 0.3108 0.0215 0.0430
0 0.6138 0.4062 0.0490 0.0322
0 0.6640 0.3040 0.0314 0.0551
0 0.6397 0.3770 0.0300 0.0551
0 0.5489 0.3009 0.0381 0.0409
0 0.5256 0.3422 0.0332 0.0451
0 0.3759 0.6364 0.0297 0.0688
0 0.8785 0.8546 0.0323 0.0843
0 0.3779 0.3611 0.0218 0.0550
0 0.3182 0.6133 0.0261 0.0664
0 0.4823 0.5600 0.0394 0.0450
0 0.5295 0.4594 0.0327 0.0587
0 0.7442 0.3341 0.0175 0.0492
0 0.3152 0.3019 0.0205 0.0529
0 0.7030 0.3013 0.0337 0.0469
0 0.5571 0.3339 0.0263 0.0474
0 0.3764 0.2746 0.0261 0.0418
0 0.2936 0.4982 0.0281 0.0692
0 0.4911 0.2715 0.0197 0.0268
0 0.6572 0.5335 0.0293 0.0568
0 0.4234 0.2744 0.0179 0.0287
0 0.6180 0.2892 0.0266 0.0471
0 0.5559 0.2654 0.0213 0.0243
0 0.3428 0.2796 0.0327 0.0308
0 0.3550 0.2896 0.0226 0.0472
0 0.0100 0.3383 0.0240 0.0251
