0 0.2350 0.3431 0.0237 0.0558
0 0.8368 0.3461 0.0253 0.0463
0 0.2726 0.5112 0.0259 0.0631
0 0.3154 0.5447 0.0353 0.0553
0 0.2766 0.6265 0.0381 0.0582
0 0.4831 0.3788 0.0272 0.0519
0 0.3098 0.4355 0.0398 0.0414
0 0.6387 0.3722 0.0305 0.0577
0 0.5259 0.3419 0.0349 0.0449
0 0.6622 0.3019 0.0328 0.0556
0 0.4944 0.4445 0.0304 0.0607
0 0.4891 0.3110 0.0214 0.0431
0 0.5517 0.3004 0.0450 0.0393
0 0.6581 0.5327 0.0303 0.0575
0 0.3765 0.3534 0.0211 0.0587
0 0.4804 0.5604 0.0415 0.0509
0 0.3184 0.6126 0.0249 0.0649
0 0.3768 0.6460 0.0300 0.0663
0 0.7446 0.3335 0.0170 0.0515
0 0.3785 0.2694 0.0256 0.0380
0 0.7020 0.3044 0.0351 0.0490
0 0.4905 0.2718 0.0200 0.0270
0 0.3152 0.2966 0.0232 0.0518
0 0.6097 0.4059 0.0488 0.0344
0 0.5576 0.3361 0.0294 0.0485
0 0.4232 0.2748 0.0177 0.0296
0 0.6177 0.2893 0.0270 0.0450
0 0.3545 0.2901 0.0211 0.0491
0 0.9326 0.8247 0.0289 0.0885
0 0.5572 0.2662 0.0211 0.0254
0 0.3404 0.2813 0.0331 0.0341
0 0.0102 0.3384 0.0244 0.0250
