0 0.2345 0.3459 0.0211 0.0544
0 0.8369 0.3461 0.0251 0.0462
0 0.3762 0.6561 0.0286 0.0667
0 0.6624 0.3016 0.0351 0.0573
0 0.3152 0.5441 0.0339 0.0549
0 0.6372 0.3698 0.0296 0.0565
0 0.3716 0.3453 0.0216 0.0513
0 0.2767 0.6261 0.0378 0.0583
0 0.3104 0.4355 0.0395 0.0415
0 0.5503 0.3011 0.0409 0.0416
0 0.2556 0.5302 0.0253 0.0647
0 0.4892 0.3106 0.0202 0.0442
0 0.5263 0.3427 0.0360 0.0478
0 0.4801 0.3818 0.0314 0.0524
0 0.7043 0.3067 0.0320 0.0516
0 0.3181 0.6123 0.0234 0.0655
0 0.7445 0.3339 0.0175 0.0497
0 0.3781 0.2709 0.0294 0.0345
0 0.4782 0.5628 0.0415 0.0463
0 0.6580 0.5335 0.0311 0.0547
0 0.4903 0.2720 0.0193 0.0272
0 0.3154 0.2974 0.0225 0.0511
0 0.4232 0.2745 0.0180 0.0300
0 0.5569 0.3362 0.0275 0.0504
0 0.6089 0.4040 0.0479 0.0361
0 0.6139 0.2889 0.0300 0.0450
0 0.3532 0.2909 0.0214 0.0470
0 0.9610 0.7904 0.0283 0.0723
0 0.4627 0.4253 0.0232 0.0652
0 0.3385 0.2812 0.0297 0.0329
0 0.0104 0.3383 0.0248 0.0249
