0 0.3761 0.6619 0.0298 0.0684
0 0.2360 0.3465 0.0219 0.0570
0 0.8369 0.3462 0.0251 0.0463
0 0.2766 0.6262 0.0378 0.0587
0 0.2394 0.5246 0.0216 0.0642
0 0.5516 0.3016 0.0431 0.0410
0 0.3107 0.4352 0.0404 0.0406
0 0.6594 0.3011 0.0303 0.0602
0 0.3155 0.5437 0.0344 0.0537
0 0.4891 0.3102 0.0211 0.0437
0 0.6320 0.3621 0.0267 0.0561
0 0.3696 0.3376 0.0190 0.0539
0 0.6045 0.4038 0.0500 0.0374
0 0.7453 0.3337 0.0175 0.0507
0 0.5268 0.3437 0.0365 0.0418
0 0.4771 0.3878 0.0303 0.0557
0 0.4745 0.5629 0.0392 0.0489
0 0.6602 0.5337 0.0333 0.0546
0 0.3185 0.6118 0.0221 0.0678
0 0.4897 0.2720 0.0187 0.0279
0 0.7006 0.3077 0.0433 0.0431
0 0.5560 0.3373 0.0287 0.0484
0 0.3778 0.2734 0.0287 0.0333
0 0.4224 0.2756 0.0187 0.0287
0 0.4475 0.3969 0.0240 0.0642
0 0.6167 0.2925 0.0323 0.0365
0 0.3163 0.2959 0.0235 0.0475
0 0.3508 0.2900 0.0199 0.0434
0 0.3412 0.2823 0.0280 0.0337
0 0.9673 0.7450 0.0318 0.0585
0 0.0105 0.3383 0.0248 0.0248
0 0.6162 0.2718 0.0237 0.0379
