0 0.2384 0.3453 0.0270 0.0548
0 0.3730 0.6644 0.0254 0.0665
0 0.6628 0.3027 0.0394 0.0520
0 0.8370 0.3461 0.0250 0.0459
0 0.2768 0.6253 0.0374 0.0583
0 0.3111 0.4350 0.0427 0.0397
0 0.3159 0.5428 0.0354 0.0546
0 0.3681 0.3313 0.0215 0.0532
0 0.4895 0.3109 0.0210 0.0441
0 0.6038 0.4032 0.0479 0.0407
0 0.4531 0.3667 0.0283 0.0568
0 0.5471 0.3026 0.0377 0.0410
0 0.5265 0.3436 0.0442 0.0392
0 0.7452 0.3336 0.0179 0.0490
0 0.4742 0.5616 0.0438 0.0514
0 0.4898 0.2721 0.0204 0.0278
0 0.3780 0.2738 0.0276 0.0361
0 0.6596 0.5335 0.0328 0.0542
0 0.6314 0.3590 0.0324 0.0543
0 0.3186 0.6115 0.0208 0.0652
0 0.2453 0.5040 0.0258 0.0703
0 0.7008 0.3090 0.0339 0.0491
0 0.4227 0.2755 0.0180 0.0290
0 0.3155 0.2967 0.0224 0.0473
0 0.6159 0.2929 0.0367 0.0331
0 0.5530 0.3368 0.0300 0.0470
0 0.4716 0.3948 0.0359 0.0469
0 0.9469 0.6988 0.0316 0.0754
0 0.5728 0.3075 0.0198 0.0537
0 0.3452 0.2823 0.0281 0.0351
0 0.5561 0.2670 0.0241 0.0233
0 0.3519 0.2891 0.0183 0.0427
0 0.0107 0.3383 0.0252 0.0247
