0 0.2422 0.3436 0.0349 0.0540
0 0.3743 0.6667 0.0275 0.0655
0 0.2603 0.4810 0.0307 0.0637
0 0.4743 0.5628 0.0442 0.0495
0 0.8370 0.3461 0.0249 0.0461
0 0.6007 0.4016 0.0487 0.0404
0 0.2769 0.6258 0.0379 0.0578
0 0.3114 0.4350 0.0420 0.0397
0 0.3161 0.5419 0.0373 0.0540
0 0.6569 0.3040 0.0364 0.0534
0 0.5452 0.3017 0.0364 0.0420
0 0.6330 0.3532 0.0319 0.0539
0 0.4689 0.3955 0.0381 0.0486
0 0.5259 0.3441 0.0415 0.0428
0 0.6621 0.5374 0.0373 0.0563
0 0.7453 0.3329 0.0176 0.0496
0 0.4898 0.2722 0.0204 0.0282
0 0.6150 0.2962 0.0379 0.0345
0 0.3701 0.3267 0.0207 0.0522
0 0.3771 0.2739 0.0281 0.0348
0 0.6999 0.3054 0.0355 0.0473
0 0.3185 0.6118 0.0209 0.0659
0 0.4224 0.2750 0.0181 0.0280
0 0.5528 0.3358 0.0316 0.0468
0 0.5735 0.3100 0.0225 0.0535
0 0.4682 0.3295 0.0422 0.0605
0 0.3161 0.2940 0.0238 0.0469
0 0.4896 0.3135 0.0271 0.0445
0 0.3395 0.2827 0.0261 0.0365
0 0.3513 0.2901 0.0198 0.0470
0 0.4613 0.3387 0.0275 0.0619
0 0.0112 0.3382 0.0262 0.0246
