0 0.3745 0.6659 0.0309 0.0633
0 0.2461 0.3423 0.0337 0.0550
0 0.4736 0.5631 0.0437 0.0515
0 0.5988 0.4012 0.0462 0.0416
0 0.8370 0.3461 0.0250 0.0464
0 0.2781 0.6253 0.0394 0.0579
0 0.4829 0.3141 0.0391 0.0586
0 0.6316 0.3503 0.0314 0.0590
0 0.6581 0.3029 0.0408 0.0537
0 0.3124 0.4340 0.0418 0.0397
0 0.6626 0.5388 0.0360 0.0566
0 0.5436 0.3021 0.0310 0.0407
0 0.4665 0.4001 0.0369 0.0527
0 0.2884 0.4723 0.0362 0.0504
0 0.3161 0.5389 0.0454 0.0448
0 0.7454 0.3329 0.0177 0.0482
0 0.6996 0.3090 0.0391 0.0489
0 0.3186 0.6117 0.0205 0.0692
0 0.3745 0.2769 0.0325 0.0326
0 0.5288 0.3440 0.0470 0.0403
0 0.4902 0.2719 0.0232 0.0290
0 0.4220 0.2747 0.0184 0.0270
0 0.5760 0.3153 0.0249 0.0584
0 0.6158 0.2960 0.0342 0.0349
0 0.3723 0.3236 0.0221 0.0492
0 0.5474 0.3397 0.0390 0.0419
0 0.8584 0.5881 0.0253 0.0723
0 0.5821 0.2627 0.0284 0.0230
0 0.3160 0.2952 0.0231 0.0452
0 0.3330 0.2892 0.0370 0.0409
0 0.3396 0.2821 0.0325 0.0344
0 0.0117 0.3381 0.0271 0.0246
