0 0.3738 0.6677 0.0315 0.0632
0 0.4722 0.5649 0.0446 0.0528
0 0.8369 0.3461 0.0247 0.0461
0 0.5979 0.4007 0.0466 0.0400
0 0.6323 0.3474 0.0261 0.0608
0 0.2770 0.6263 0.0383 0.0571
0 0.4604 0.4091 0.0424 0.0474
0 0.6630 0.5385 0.0349 0.0594
0 0.6581 0.3043 0.0410 0.0515
0 0.2522 0.3409 0.0405 0.0509
0 0.6978 0.3085 0.0414 0.0474
0 0.7455 0.3327 0.0176 0.0485
0 0.3758 0.3149 0.0241 0.0586
0 0.5436 0.3040 0.0351 0.0408
0 0.5289 0.3459 0.0456 0.0365
0 0.4903 0.2712 0.0219 0.0288
0 0.3141 0.5375 0.0489 0.0366
0 0.3743 0.2736 0.0329 0.0304
0 0.6153 0.2951 0.0374 0.0346
0 0.3192 0.6102 0.0208 0.0713
0 0.8091 0.5300 0.0244 0.0709
0 0.4820 0.3174 0.0386 0.0572
0 0.3085 0.4313 0.0467 0.0355
0 0.4227 0.2748 0.0186 0.0267
0 0.5509 0.3332 0.0331 0.0480
0 0.3399 0.2811 0.0297 0.0331
0 0.3241 0.4673 0.0207 0.0576
0 0.5754 0.3171 0.0257 0.0648
0 0.5859 0.2649 0.0273 0.0260
0 0.0113 0.3381 0.0264 0.0246
