0 0.2915 0.4200 0.0372 0.0586
0 0.6881 0.3438 0.0196 0.0550
0 0.4576 0.4139 0.0345 0.0684
0 0.7995 0.3381 0.0208 0.0549
0 0.5447 0.3013 0.0267 0.0420
0 0.4846 0.3078 0.0262 0.0429
0 0.2727 0.6494 0.0247 0.0615
0 0.7429 0.3311 0.0229 0.0521
0 0.5430 0.4257 0.0538 0.0286
0 0.4352 0.5274 0.0269 0.0673
0 0.3308 0.2709 0.0344 0.0474
0 0.5677 0.3406 0.0414 0.0415
0 0.4076 0.2907 0.0222 0.0459
0 0.8285 0.3295 0.0212 0.0537
0 0.4899 0.2725 0.0223 0.0283
0 0.5693 0.3774 0.0379 0.0463
0 0.4919 0.5376 0.0317 0.0680
0 0.3635 0.2733 0.0334 0.0286
0 0.6131 0.2677 0.0261 0.0297
0 0.8318 0.2950 0.0356 0.0324
0 0.3628 0.3271 0.0231 0.0490
0 0.6468 0.2948 0.0433 0.0313
0 0.7681 0.3280 0.0224 0.0442
0 0.5511 0.2659 0.0226 0.0210
0 0.4197 0.2792 0.0247 0.0363
