0 0.3736 0.6656 0.0329 0.0602
0 0.8370 0.3462 0.0247 0.0465
0 0.2558 0.3411 0.0407 0.0481
0 0.5958 0.3984 0.0450 0.0448
0 0.6308 0.3458 0.0265 0.0574
0 0.4582 0.4112 0.0447 0.0453
0 0.2766 0.6260 0.0372 0.0593
0 0.6639 0.5402 0.0351 0.0638
0 0.3245 0.4759 0.0305 0.0501
0 0.4698 0.5673 0.0426 0.0498
0 0.7774 0.4943 0.0208 0.0755
0 0.3790 0.3106 0.0233 0.0585
0 0.6581 0.3029 0.0375 0.0536
0 0.7454 0.3321 0.0176 0.0485
0 0.5416 0.3027 0.0296 0.0408
0 0.4895 0.2725 0.0206 0.0306
0 0.5297 0.3472 0.0484 0.0344
0 0.6976 0.3083 0.0383 0.0503
0 0.3749 0.2740 0.0333 0.0296
0 0.6140 0.2957 0.0357 0.0368
0 0.3105 0.4302 0.0506 0.0317
0 0.3179 0.6096 0.0204 0.0728
0 0.4221 0.2759 0.0183 0.0276
0 0.5533 0.3355 0.0277 0.0491
0 0.3192 0.5335 0.0519 0.0321
0 0.4858 0.3186 0.0274 0.0651
0 0.5772 0.3233 0.0254 0.0479
0 0.3363 0.2823 0.0344 0.0357
0 0.5805 0.2618 0.0311 0.0218
0 0.0134 0.3383 0.0307 0.0236
0 0.3283 0.2871 0.0351 0.0379
