0 0.4548 0.4135 0.0468 0.0394
0 0.8370 0.3460 0.0247 0.0462
0 0.6290 0.3447 0.0238 0.0582
0 0.2564 0.3405 0.0411 0.0489
0 0.2779 0.6244 0.0364 0.0607
0 0.5938 0.3969 0.0416 0.0463
0 0.3806 0.3062 0.0221 0.0509
0 0.3646 0.6825 0.0348 0.0584
0 0.6637 0.5399 0.0333 0.0632
0 0.7656 0.4687 0.0223 0.0747
0 0.5277 0.3483 0.0425 0.0336
0 0.7454 0.3319 0.0178 0.0496
0 0.6553 0.3023 0.0454 0.0489
0 0.4679 0.5690 0.0424 0.0522
0 0.5424 0.3032 0.0308 0.0425
0 0.4892 0.2719 0.0195 0.0287
0 0.3076 0.4267 0.0498 0.0289
0 0.5549 0.3354 0.0267 0.0488
0 0.6954 0.3053 0.0310 0.0512
0 0.3735 0.2748 0.0308 0.0286
0 0.4861 0.3182 0.0238 0.0633
0 0.5896 0.2675 0.0255 0.0279
0 0.5792 0.3256 0.0251 0.0431
0 0.3178 0.6095 0.0209 0.0727
0 0.4215 0.2758 0.0184 0.0267
0 0.6118 0.2932 0.0280 0.0422
0 0.3200 0.4725 0.0296 0.0604
0 0.3191 0.5348 0.0520 0.0296
0 0.3158 0.2932 0.0232 0.0438
0 0.3385 0.2825 0.0266 0.0307
0 0.0132 0.3383 0.0302 0.0237
0 0.3328 0.2875 0.0304 0.0367
