0 0.7710 0.4521 0.0225 0.0731
0 0.4512 0.4163 0.0475 0.0412
0 0.8371 0.3457 0.0248 0.0463
0 0.2626 0.3408 0.0461 0.0447
0 0.6273 0.3458 0.0240 0.0603
0 0.2783 0.6239 0.0344 0.0600
0 0.6637 0.5395 0.0325 0.0646
0 0.3171 0.4736 0.0247 0.0599
0 0.5820 0.3331 0.0231 0.0488
0 0.3823 0.2985 0.0207 0.0445
0 0.7455 0.3318 0.0179 0.0498
0 0.5428 0.3037 0.0308 0.0439
0 0.5909 0.3949 0.0417 0.0474
0 0.4667 0.5728 0.0418 0.0482
0 0.3084 0.4268 0.0494 0.0298
0 0.4885 0.2730 0.0192 0.0294
0 0.5284 0.3498 0.0455 0.0314
0 0.3162 0.6093 0.0193 0.0760
0 0.5540 0.3377 0.0259 0.0485
0 0.6522 0.3033 0.0481 0.0387
0 0.3772 0.2727 0.0277 0.0314
0 0.6928 0.3073 0.0348 0.0459
0 0.6181 0.2939 0.0330 0.0344
0 0.4856 0.3183 0.0240 0.0641
0 0.3416 0.2815 0.0314 0.0348
0 0.3137 0.2973 0.0231 0.0406
0 0.3189 0.5344 0.0509 0.0309
0 0.4216 0.2754 0.0185 0.0263
0 0.3395 0.7361 0.0273 0.0486
0 0.5619 0.2681 0.0206 0.0263
0 0.5866 0.2675 0.0361 0.0247
0 0.0132 0.3383 0.0302 0.0237
