0 0.7748 0.4420 0.0214 0.0701
0 0.4472 0.4201 0.0454 0.0449
0 0.8371 0.3457 0.0246 0.0461
0 0.2666 0.3373 0.0445 0.0476
0 0.6275 0.3458 0.0242 0.0604
0 0.2778 0.6244 0.0285 0.0621
0 0.6626 0.5395 0.0284 0.0637
0 0.3172 0.4718 0.0277 0.0591
0 0.5839 0.3363 0.0235 0.0527
0 0.7456 0.3316 0.0183 0.0509
0 0.5552 0.3319 0.0231 0.0564
0 0.3136 0.6095 0.0207 0.0757
0 0.5874 0.3901 0.0358 0.0508
0 0.4896 0.2725 0.0189 0.0287
0 0.3083 0.4267 0.0496 0.0292
0 0.4876 0.3179 0.0228 0.0661
0 0.5425 0.3012 0.0301 0.0440
0 0.4628 0.5739 0.0405 0.0487
0 0.5292 0.3508 0.0372 0.0347
0 0.3196 0.5341 0.0515 0.0343
0 0.6927 0.3148 0.0340 0.0521
0 0.4217 0.2751 0.0190 0.0256
0 0.3791 0.2766 0.0217 0.0348
0 0.3827 0.2929 0.0188 0.0413
0 0.3396 0.2801 0.0314 0.0311
0 0.6276 0.2928 0.0426 0.0362
0 0.6504 0.3023 0.0489 0.0421
0 0.5819 0.2673 0.0346 0.0254
0 0.3028 0.8185 0.0241 0.0556
0 0.5649 0.2669 0.0212 0.0250
0 0.6129 0.2742 0.0227 0.0384
0 0.0139 0.3382 0.0316 0.0236
