0 0.8369 0.3457 0.0245 0.0461
0 0.2724 0.3312 0.0463 0.0475
0 0.3166 0.4720 0.0317 0.0578
0 0.6270 0.3471 0.0254 0.0580
0 0.4412 0.4238 0.0451 0.0427
0 0.7782 0.4334 0.0190 0.0728
0 0.2785 0.6236 0.0303 0.0616
0 0.5845 0.3380 0.0259 0.0519
0 0.5850 0.3885 0.0367 0.0506
0 0.5441 0.3043 0.0339 0.0481
0 0.4617 0.5750 0.0410 0.0504
0 0.7454 0.3319 0.0179 0.0517
0 0.6617 0.5392 0.0258 0.0643
0 0.4885 0.2721 0.0186 0.0283
0 0.3131 0.6096 0.0212 0.0774
0 0.3091 0.4263 0.0470 0.0312
0 0.3780 0.2802 0.0238 0.0433
0 0.6271 0.2937 0.0510 0.0343
0 0.3195 0.5337 0.0485 0.0345
0 0.5326 0.3520 0.0479 0.0328
0 0.5626 0.2712 0.0223 0.0301
0 0.4210 0.2750 0.0192 0.0266
0 0.4896 0.3189 0.0259 0.0620
0 0.5498 0.3418 0.0309 0.0464
0 0.2537 0.9148 0.0255 0.0578
0 0.5888 0.2690 0.0331 0.0276
0 0.6919 0.3123 0.0353 0.0582
0 0.3374 0.2825 0.0336 0.0346
0 0.6501 0.2967 0.0600 0.0396
0 0.6889 0.3255 0.0333 0.0364
0 0.0144 0.3383 0.0330 0.0237
0 0.3167 0.2917 0.0224 0.0412
0 0.3829 0.2879 0.0201 0.0451
