0 0.4576 0.5787 0.0454 0.0497
0 0.8370 0.3458 0.0244 0.0455
0 0.2789 0.6205 0.0285 0.0675
0 0.5833 0.3865 0.0399 0.0494
0 0.6262 0.3454 0.0311 0.0604
0 0.7830 0.4192 0.0238 0.0646
0 0.3166 0.4727 0.0322 0.0573
0 0.4376 0.4254 0.0492 0.0353
0 0.2782 0.3277 0.0451 0.0425
0 0.7453 0.3320 0.0179 0.0510
0 0.5860 0.3434 0.0266 0.0506
0 0.3787 0.2789 0.0239 0.0388
0 0.5457 0.3065 0.0341 0.0500
0 0.3090 0.4262 0.0460 0.0326
0 0.4894 0.2723 0.0190 0.0289
0 0.6604 0.5390 0.0248 0.0632
0 0.4884 0.3178 0.0248 0.0632
0 0.3119 0.6053 0.0221 0.0731
0 0.6960 0.3055 0.0277 0.0538
0 0.4210 0.2750 0.0190 0.0274
0 0.5808 0.2683 0.0304 0.0292
0 0.6221 0.2902 0.0399 0.0367
0 0.3193 0.5338 0.0471 0.0336
0 0.3345 0.2812 0.0311 0.0335
0 0.5534 0.3320 0.0289 0.0476
0 0.6539 0.3166 0.0534 0.0335
0 0.5340 0.3556 0.0435 0.0324
0 0.6577 0.3237 0.0381 0.0308
0 0.6849 0.3280 0.0271 0.0353
0 0.5627 0.2702 0.0241 0.0265
0 0.0133 0.3383 0.0311 0.0237
0 0.6187 0.2791 0.0317 0.0416
