0 0.4559 0.5814 0.0453 0.0488
0 0.8370 0.3457 0.0245 0.0453
0 0.6272 0.3450 0.0303 0.0595
0 0.5823 0.3859 0.0381 0.0496
0 0.2803 0.3295 0.0454 0.0444
0 0.2785 0.6186 0.0266 0.0704
0 0.3172 0.4725 0.0358 0.0534
0 0.3784 0.2790 0.0260 0.0359
0 0.7452 0.3320 0.0178 0.0506
0 0.5870 0.3434 0.0307 0.0491
0 0.3113 0.6040 0.0226 0.0691
0 0.5443 0.3059 0.0348 0.0490
0 0.3107 0.4265 0.0453 0.0336
0 0.4881 0.3176 0.0237 0.0620
0 0.4324 0.4303 0.0484 0.0342
0 0.4891 0.2722 0.0185 0.0278
0 0.6599 0.5388 0.0246 0.0634
0 0.5845 0.2683 0.0335 0.0285
0 0.7848 0.4151 0.0214 0.0624
0 0.3188 0.5336 0.0511 0.0314
0 0.6941 0.3119 0.0272 0.0558
0 0.4231 0.2741 0.0192 0.0278
0 0.5510 0.3330 0.0327 0.0456
0 0.3335 0.2816 0.0341 0.0323
0 0.6226 0.2929 0.0340 0.0425
0 0.6171 0.2743 0.0261 0.0398
0 0.6497 0.3088 0.0518 0.0386
0 0.5563 0.2670 0.0266 0.0229
0 0.5382 0.3591 0.0449 0.0368
0 0.6583 0.3246 0.0370 0.0310
0 0.0138 0.3383 0.0318 0.0237
0 0.6875 0.3245 0.0323 0.0343
