0 0.4543 0.5849 0.0455 0.0513
0 0.7771 0.4157 0.0187 0.0664
0 0.6276 0.3451 0.0312 0.0573
0 0.8370 0.3458 0.0244 0.0457
0 0.5824 0.3865 0.0371 0.0477
0 0.2787 0.6165 0.0262 0.0711
0 0.3126 0.6028 0.0229 0.0722
0 0.4886 0.3157 0.0242 0.0608
0 0.3187 0.4719 0.0372 0.0536
0 0.3779 0.2754 0.0291 0.0336
0 0.5455 0.3080 0.0368 0.0469
0 0.5893 0.3476 0.0316 0.0490
0 0.7449 0.3327 0.0174 0.0495
0 0.3126 0.4266 0.0472 0.0351
0 0.2831 0.3273 0.0379 0.0456
0 0.4886 0.2703 0.0194 0.0257
0 0.6585 0.5382 0.0240 0.0629
0 0.4215 0.2751 0.0185 0.0279
0 0.4266 0.4308 0.0494 0.0360
0 0.3162 0.5373 0.0489 0.0389
0 0.5829 0.2676 0.0347 0.0281
0 0.3378 0.2810 0.0333 0.0339
0 0.6236 0.2903 0.0385 0.0430
0 0.5472 0.3424 0.0412 0.0437
0 0.5490 0.2707 0.0278 0.0262
0 0.6183 0.2772 0.0279 0.0479
0 0.5384 0.3587 0.0444 0.0373
0 0.6860 0.3251 0.0387 0.0314
0 0.0133 0.3383 0.0310 0.0237
0 0.6692 0.3246 0.0489 0.0293
