0 0.4527 0.5860 0.0460 0.0494
0 0.6280 0.3453 0.0329 0.0571
0 0.8368 0.3459 0.0244 0.0462
0 0.7710 0.4080 0.0199 0.0672
0 0.5814 0.3860 0.0363 0.0500
0 0.3120 0.6014 0.0232 0.0741
0 0.2788 0.6155 0.0258 0.0710
0 0.5476 0.3025 0.0403 0.0445
0 0.3746 0.2745 0.0317 0.0309
0 0.3112 0.4261 0.0486 0.0347
0 0.7446 0.3326 0.0189 0.0501
0 0.4904 0.3165 0.0283 0.0559
0 0.2883 0.3268 0.0397 0.0420
0 0.3134 0.5333 0.0475 0.0357
0 0.4886 0.2726 0.0194 0.0285
0 0.3199 0.4709 0.0399 0.0540
0 0.6585 0.5393 0.0226 0.0664
0 0.5842 0.2670 0.0367 0.0278
0 0.5916 0.3501 0.0290 0.0499
0 0.4231 0.4300 0.0497 0.0338
0 0.5446 0.3451 0.0410 0.0488
0 0.4218 0.2750 0.0190 0.0270
0 0.6182 0.2800 0.0249 0.0537
0 0.3339 0.2818 0.0335 0.0343
0 0.5401 0.3587 0.0420 0.0390
0 0.6741 0.3246 0.0522 0.0315
0 0.0132 0.3382 0.0308 0.0236
