0 0.4482 0.5885 0.0470 0.0478
0 0.6279 0.3444 0.0329 0.0594
0 0.8370 0.3460 0.0246 0.0458
0 0.2783 0.6153 0.0262 0.0691
0 0.5470 0.3029 0.0378 0.0426
0 0.3120 0.6020 0.0245 0.0723
0 0.5804 0.3846 0.0393 0.0506
0 0.4916 0.3143 0.0295 0.0524
0 0.7638 0.3892 0.0219 0.0591
0 0.3120 0.4252 0.0473 0.0390
0 0.7451 0.3320 0.0188 0.0486
0 0.3771 0.2744 0.0288 0.0321
0 0.6582 0.5403 0.0231 0.0649
0 0.4180 0.4319 0.0506 0.0303
0 0.3112 0.5338 0.0471 0.0381
0 0.2882 0.3248 0.0356 0.0429
0 0.4880 0.2712 0.0206 0.0270
0 0.5824 0.2672 0.0290 0.0319
0 0.3232 0.4694 0.0390 0.0494
0 0.5926 0.3516 0.0326 0.0511
0 0.4210 0.2749 0.0201 0.0272
0 0.6266 0.2892 0.0475 0.0375
0 0.3365 0.2814 0.0364 0.0327
0 0.5460 0.3551 0.0428 0.0454
0 0.6722 0.3258 0.0534 0.0311
0 0.6907 0.3105 0.0283 0.0519
0 0.6194 0.2809 0.0317 0.0464
0 0.0135 0.3382 0.0312 0.0235
0 0.5440 0.2733 0.0261 0.0290
