0 0.2919 0.4202 0.0372 0.0586
0 0.6869 0.3437 0.0199 0.0537
0 0.7982 0.3354 0.0204 0.0557
0 0.4129 0.4080 0.0220 0.0728
0 0.5448 0.3020 0.0240 0.0414
0 0.4051 0.4748 0.0260 0.0623
0 0.7420 0.3319 0.0222 0.0512
0 0.4851 0.3084 0.0246 0.0441
0 0.8012 0.2633 0.0317 0.0519
0 0.3335 0.2667 0.0299 0.0462
0 0.2722 0.6503 0.0224 0.0634
0 0.5463 0.4270 0.0530 0.0311
0 0.5231 0.5098 0.0268 0.0690
0 0.8282 0.3293 0.0230 0.0541
0 0.4894 0.2726 0.0215 0.0281
0 0.4063 0.2895 0.0215 0.0466
0 0.5692 0.3783 0.0369 0.0457
0 0.3489 0.3637 0.0241 0.0534
0 0.5696 0.3382 0.0418 0.0421
0 0.7665 0.9679 0.0239 0.0669
0 0.8401 0.3026 0.0364 0.0328
0 0.4969 0.5435 0.0222 0.0659
0 0.6128 0.2700 0.0251 0.0321
0 0.6467 0.2934 0.0446 0.0308
0 0.3630 0.2677 0.0337 0.0332
0 0.7667 0.3291 0.0234 0.0410
0 0.5521 0.2628 0.0241 0.0190
