0 0.4446 0.5893 0.0460 0.0495
0 0.6282 0.3448 0.0310 0.0575
0 0.3096 0.6007 0.0285 0.0675
0 0.8369 0.3460 0.0244 0.0464
0 0.7550 0.3764 0.0292 0.0607
0 0.5800 0.3856 0.0399 0.0497
0 0.3102 0.4247 0.0429 0.0396
0 0.2920 0.3255 0.0354 0.0466
0 0.2771 0.6146 0.0232 0.0699
0 0.3753 0.2740 0.0314 0.0323
0 0.5469 0.3041 0.0354 0.0452
0 0.4919 0.3143 0.0288 0.0571
0 0.4160 0.4324 0.0512 0.0279
0 0.6572 0.5405 0.0232 0.0624
0 0.3239 0.4691 0.0377 0.0489
0 0.3102 0.5340 0.0505 0.0349
0 0.5855 0.2657 0.0333 0.0274
0 0.4886 0.2722 0.0199 0.0281
0 0.5918 0.3514 0.0288 0.0507
0 0.7451 0.3303 0.0208 0.0444
0 0.4204 0.2752 0.0199 0.0276
0 0.6733 0.3252 0.0575 0.0304
0 0.6160 0.2894 0.0346 0.0386
0 0.5459 0.3538 0.0395 0.0503
0 0.3364 0.2812 0.0318 0.0342
0 0.6146 0.2788 0.0257 0.0471
0 0.0131 0.3382 0.0305 0.0236
0 0.5436 0.2736 0.0243 0.0289
