0 0.4410 0.5928 0.0487 0.0456
0 0.8371 0.3459 0.0243 0.0462
0 0.6289 0.3436 0.0313 0.0585
0 0.3102 0.5998 0.0291 0.0651
0 0.5504 0.3078 0.0432 0.0427
0 0.2772 0.6141 0.0231 0.0699
0 0.3761 0.2725 0.0311 0.0336
0 0.7452 0.3857 0.0259 0.0586
0 0.6554 0.5416 0.0243 0.0619
0 0.2928 0.3248 0.0355 0.0464
0 0.3104 0.4252 0.0434 0.0378
0 0.4918 0.3156 0.0305 0.0570
0 0.5806 0.3870 0.0393 0.0486
0 0.6180 0.9792 0.0384 0.0449
0 0.3244 0.4677 0.0381 0.0481
0 0.7446 0.3314 0.0202 0.0489
0 0.4887 0.2719 0.0200 0.0284
0 0.5863 0.2646 0.0259 0.0302
0 0.3071 0.5372 0.0525 0.0337
0 0.6278 0.2906 0.0465 0.0334
0 0.5889 0.3525 0.0376 0.0501
0 0.4208 0.2749 0.0187 0.0277
0 0.4156 0.4302 0.0520 0.0311
0 0.3368 0.2796 0.0311 0.0320
0 0.5479 0.3539 0.0402 0.0458
0 0.6703 0.3264 0.0564 0.0317
0 0.6905 0.3071 0.0303 0.0486
0 0.0129 0.3382 0.0299 0.0236
0 0.6151 0.2779 0.0273 0.0453
