0 0.4384 0.5943 0.0496 0.0429
0 0.3088 0.5988 0.0296 0.0675
0 0.6534 0.5452 0.0279 0.0621
0 0.8371 0.3456 0.0239 0.0459
0 0.6287 0.3447 0.0292 0.0580
0 0.7400 0.3804 0.0244 0.0654
0 0.2766 0.6142 0.0224 0.0696
0 0.4139 0.4252 0.0520 0.0335
0 0.5461 0.3072 0.0411 0.0461
0 0.2974 0.3251 0.0381 0.0463
0 0.3086 0.4249 0.0397 0.0382
0 0.4931 0.3163 0.0325 0.0530
0 0.6054 0.9590 0.0427 0.0692
0 0.3749 0.2699 0.0322 0.0384
0 0.3263 0.4664 0.0401 0.0480
0 0.5855 0.2633 0.0283 0.0364
0 0.4884 0.2712 0.0203 0.0274
0 0.7443 0.3317 0.0195 0.0487
0 0.5772 0.3859 0.0415 0.0493
0 0.5504 0.3530 0.0407 0.0445
0 0.3072 0.5372 0.0515 0.0346
0 0.3366 0.2787 0.0254 0.0339
0 0.4216 0.2751 0.0178 0.0277
0 0.6261 0.2895 0.0408 0.0335
0 0.6558 0.3281 0.0377 0.0341
0 0.5899 0.3534 0.0378 0.0453
0 0.6184 0.2787 0.0281 0.0450
0 0.6835 0.3254 0.0427 0.0271
0 0.0127 0.3383 0.0296 0.0235
0 0.5564 0.3627 0.0491 0.0429
