0 0.3076 0.5991 0.0320 0.0662
0 0.4340 0.5954 0.0478 0.0444
0 0.4111 0.4226 0.0492 0.0376
0 0.8372 0.3457 0.0238 0.0461
0 0.6286 0.3442 0.0276 0.0576
0 0.6531 0.5502 0.0305 0.0648
0 0.7365 0.3784 0.0264 0.0613
0 0.3011 0.3262 0.0367 0.0488
0 0.3089 0.4238 0.0371 0.0424
0 0.2762 0.6130 0.0223 0.0716
0 0.5474 0.3082 0.0474 0.0462
0 0.4946 0.3167 0.0376 0.0503
0 0.5861 0.9262 0.0309 0.0754
0 0.3728 0.2731 0.0306 0.0348
0 0.5855 0.2600 0.0279 0.0445
0 0.7440 0.3327 0.0193 0.0512
0 0.4894 0.2728 0.0212 0.0294
0 0.3286 0.4654 0.0401 0.0485
0 0.6670 0.3271 0.0546 0.0359
0 0.5638 0.3658 0.0615 0.0422
0 0.6273 0.2898 0.0459 0.0312
0 0.3346 0.2810 0.0266 0.0351
0 0.4222 0.2749 0.0174 0.0265
0 0.3100 0.5369 0.0540 0.0336
0 0.5849 0.3726 0.0347 0.0537
0 0.5593 0.3501 0.0539 0.0402
0 0.5864 0.3544 0.0406 0.0423
0 0.0129 0.3383 0.0299 0.0237
