0 0.4100 0.4222 0.0482 0.0380
0 0.3054 0.5983 0.0356 0.0652
0 0.5963 0.8813 0.0308 0.0743
0 0.7325 0.3768 0.0341 0.0582
0 0.8372 0.3457 0.0237 0.0462
0 0.6316 0.3429 0.0324 0.0578
0 0.3327 0.4607 0.0447 0.0501
0 0.6518 0.5568 0.0328 0.0612
0 0.4305 0.5977 0.0485 0.0426
0 0.2757 0.6149 0.0226 0.0703
0 0.3088 0.4240 0.0361 0.0436
0 0.5411 0.3068 0.0324 0.0498
0 0.3757 0.2763 0.0404 0.0306
0 0.7440 0.3329 0.0186 0.0506
0 0.4939 0.3158 0.0347 0.0524
0 0.5871 0.2622 0.0279 0.0398
0 0.4896 0.2724 0.0202 0.0282
0 0.3096 0.5375 0.0509 0.0333
0 0.5625 0.3687 0.0555 0.0439
0 0.3025 0.3234 0.0358 0.0452
0 0.3333 0.2808 0.0254 0.0334
0 0.4226 0.2745 0.0164 0.0284
0 0.6617 0.3281 0.0431 0.0367
0 0.5893 0.3634 0.0318 0.0513
0 0.6202 0.2890 0.0395 0.0362
0 0.6812 0.3241 0.0397 0.0321
0 0.5790 0.3539 0.0392 0.0479
0 0.5610 0.3495 0.0455 0.0423
0 0.5044 0.3074 0.0252 0.0528
0 0.0131 0.3384 0.0303 0.0237
