0 0.3042 0.5970 0.0361 0.0614
0 0.3347 0.4586 0.0447 0.0489
0 0.4056 0.4209 0.0485 0.0363
0 0.7269 0.3729 0.0354 0.0580
0 0.4260 0.5990 0.0481 0.0445
0 0.8371 0.3457 0.0238 0.0463
0 0.6282 0.8272 0.0343 0.0755
0 0.6482 0.5632 0.0323 0.0578
0 0.6276 0.3439 0.0242 0.0624
0 0.4929 0.3136 0.0334 0.0525
0 0.3084 0.4235 0.0352 0.0467
0 0.2759 0.6147 0.0240 0.0707
0 0.5617 0.3731 0.0488 0.0534
0 0.7441 0.3334 0.0186 0.0506
0 0.5856 0.2594 0.0281 0.0447
0 0.3740 0.2751 0.0314 0.0309
0 0.4888 0.2721 0.0205 0.0284
0 0.0971 0.7662 0.0474 0.0685
0 0.5418 0.3054 0.0318 0.0459
0 0.5932 0.3636 0.0281 0.0520
0 0.6528 0.3318 0.0256 0.0452
0 0.4219 0.2748 0.0182 0.0264
0 0.6197 0.2883 0.0433 0.0339
0 0.3340 0.2805 0.0250 0.0319
0 0.3065 0.3183 0.0298 0.0458
0 0.3133 0.5371 0.0543 0.0319
0 0.6832 0.3232 0.0381 0.0330
0 0.5529 0.3263 0.0335 0.0479
0 0.0124 0.3384 0.0289 0.0236
0 0.5773 0.3415 0.0324 0.0603
