0 0.3043 0.5937 0.0351 0.0608
0 0.4228 0.6014 0.0481 0.0451
0 0.3365 0.4550 0.0459 0.0486
0 0.3989 0.4209 0.0493 0.0337
0 0.8371 0.3456 0.0238 0.0459
0 0.7207 0.3685 0.0363 0.0545
0 0.6490 0.5636 0.0347 0.0579
0 0.6657 0.7673 0.0307 0.0742
0 0.2754 0.6158 0.0247 0.0697
0 0.4938 0.3143 0.0366 0.0511
0 0.7440 0.3340 0.0186 0.0522
0 0.3084 0.4236 0.0343 0.0473
0 0.6304 0.3436 0.0325 0.0565
0 0.5607 0.3752 0.0487 0.0527
0 0.3126 0.3110 0.0283 0.0514
0 0.3744 0.2749 0.0299 0.0290
0 0.4878 0.2723 0.0196 0.0276
0 0.5976 0.3636 0.0269 0.0497
0 0.5413 0.3103 0.0320 0.0538
0 0.5855 0.2632 0.0277 0.0410
0 0.2192 0.7800 0.0419 0.0837
0 0.6496 0.3366 0.0349 0.0480
0 0.4225 0.2746 0.0165 0.0263
0 0.3151 0.5347 0.0507 0.0306
0 0.6165 0.2822 0.0336 0.0407
0 0.6822 0.3231 0.0386 0.0321
0 0.3354 0.2805 0.0253 0.0288
0 0.5745 0.3255 0.0270 0.0594
0 0.5498 0.3241 0.0319 0.0535
0 0.0130 0.3385 0.0300 0.0234
