0 0.4214 0.6016 0.0470 0.0450
0 0.3388 0.4536 0.0430 0.0493
0 0.3022 0.5905 0.0307 0.0649
0 0.8371 0.3454 0.0239 0.0457
0 0.6485 0.5625 0.0319 0.0629
0 0.2758 0.6155 0.0240 0.0704
0 0.5627 0.3783 0.0495 0.0563
0 0.7438 0.3332 0.0203 0.0502
0 0.6331 0.3431 0.0448 0.0505
0 0.3081 0.4233 0.0347 0.0406
0 0.4934 0.3136 0.0373 0.0533
0 0.3144 0.3056 0.0241 0.0544
0 0.3744 0.2760 0.0294 0.0300
0 0.3952 0.4198 0.0501 0.0359
0 0.4902 0.2717 0.0212 0.0276
0 0.5977 0.3629 0.0289 0.0525
0 0.5844 0.2648 0.0280 0.0426
0 0.5426 0.3113 0.0340 0.0521
0 0.7047 0.7080 0.0254 0.0653
0 0.7161 0.3647 0.0383 0.0515
0 0.2977 0.7888 0.0250 0.0878
0 0.6165 0.2797 0.0319 0.0434
0 0.3131 0.5372 0.0545 0.0324
0 0.4233 0.2748 0.0157 0.0264
0 0.6809 0.3223 0.0407 0.0331
0 0.3347 0.2794 0.0253 0.0259
0 0.6560 0.3325 0.0430 0.0417
0 0.0123 0.3385 0.0289 0.0236
0 0.5514 0.3239 0.0338 0.0535
0 0.5033 0.3097 0.0250 0.0522
0 0.5727 0.3178 0.0272 0.0510
