0 0.3384 0.4453 0.0410 0.0497
0 0.4199 0.6033 0.0468 0.0426
0 0.6484 0.5629 0.0311 0.0614
0 0.8371 0.3454 0.0240 0.0457
0 0.3014 0.5848 0.0311 0.0666
0 0.4935 0.3126 0.0409 0.0508
0 0.2760 0.6147 0.0238 0.0696
0 0.6295 0.3415 0.0398 0.0512
0 0.7437 0.3322 0.0193 0.0464
0 0.7084 0.3617 0.0407 0.0475
0 0.5620 0.3810 0.0448 0.0497
0 0.5976 0.3645 0.0279 0.0528
0 0.3050 0.4219 0.0348 0.0362
0 0.3155 0.3015 0.0263 0.0538
0 0.3756 0.2758 0.0306 0.0281
0 0.3327 0.7673 0.0271 0.0864
0 0.3912 0.4200 0.0529 0.0338
0 0.4897 0.2714 0.0220 0.0267
0 0.3143 0.5332 0.0514 0.0333
0 0.5401 0.3049 0.0323 0.0467
0 0.6185 0.2790 0.0298 0.0500
0 0.5855 0.2667 0.0320 0.0336
0 0.7285 0.6454 0.0224 0.0722
0 0.4229 0.2748 0.0161 0.0265
0 0.5507 0.3273 0.0334 0.0551
0 0.3364 0.2801 0.0255 0.0261
0 0.6486 0.3347 0.0351 0.0447
0 0.6814 0.3224 0.0399 0.0343
0 0.5554 0.2652 0.0347 0.0238
0 0.0126 0.3384 0.0293 0.0235
0 0.9877 0.9848 0.0285 0.0360
0 0.6185 0.2905 0.0327 0.0436
