0 0.3392 0.4436 0.0379 0.0527
0 0.7427 0.5929 0.0248 0.0749
0 0.2993 0.5826 0.0296 0.0688
0 0.6488 0.5612 0.0291 0.0625
0 0.8370 0.3452 0.0241 0.0457
0 0.6312 0.3384 0.0479 0.0482
0 0.2765 0.6146 0.0253 0.0686
0 0.3900 0.4194 0.0525 0.0341
0 0.3041 0.4191 0.0381 0.0333
0 0.4931 0.3121 0.0390 0.0532
0 0.4176 0.6048 0.0452 0.0444
0 0.5607 0.3803 0.0460 0.0531
0 0.7437 0.3307 0.0187 0.0435
0 0.3177 0.7402 0.0210 0.0859
0 0.7053 0.3604 0.0418 0.0465
0 0.3741 0.2754 0.0305 0.0301
0 0.5976 0.3634 0.0302 0.0487
0 0.4895 0.2717 0.0208 0.0271
0 0.5402 0.3094 0.0298 0.0551
0 0.5824 0.2674 0.0395 0.0352
0 0.4224 0.2750 0.0170 0.0260
0 0.3163 0.5344 0.0503 0.0359
0 0.6157 0.2776 0.0277 0.0417
0 0.0386 0.9833 0.0399 0.0368
0 0.3177 0.3010 0.0287 0.0452
0 0.5550 0.3256 0.0364 0.0574
0 0.6574 0.3272 0.0495 0.0436
0 0.5748 0.3325 0.0303 0.0568
0 0.5569 0.2676 0.0409 0.0275
0 0.3339 0.2782 0.0280 0.0246
0 0.1368 0.9837 0.0295 0.0346
0 0.6751 0.3206 0.0387 0.0344
0 0.9374 0.8872 0.0297 0.0789
0 0.0114 0.3383 0.0272 0.0237
0 0.6867 0.3368 0.0440 0.0401
0 0.6179 0.2966 0.0341 0.0412
0 0.5024 0.3066 0.0265 0.0494
