0 0.6869 0.3441 0.0194 0.0521
0 0.4152 0.3816 0.0234 0.0719
0 0.7990 0.3367 0.0201 0.0571
0 0.5445 0.3019 0.0265 0.0389
0 0.4948 0.5464 0.0226 0.0678
0 0.5663 0.3779 0.0389 0.0446
0 0.5773 0.3336 0.0439 0.0346
0 0.2720 0.6505 0.0246 0.0626
0 0.2895 0.4205 0.0381 0.0596
0 0.4853 0.3088 0.0248 0.0437
0 0.7422 0.3319 0.0226 0.0511
0 0.3345 0.2707 0.0307 0.0524
0 0.3470 0.4448 0.0359 0.0587
0 0.5617 0.4767 0.0222 0.0723
0 0.8284 0.3299 0.0220 0.0545
0 0.5510 0.4264 0.0523 0.0318
0 0.7121 0.9351 0.0275 0.0871
0 0.4069 0.2900 0.0237 0.0480
0 0.4900 0.2723 0.0221 0.0278
0 0.3648 0.2676 0.0321 0.0365
0 0.6511 0.2925 0.0523 0.0322
0 0.6126 0.2690 0.0272 0.0289
0 0.7667 0.3288 0.0231 0.0413
0 0.8442 0.3001 0.0403 0.0360
0 0.5514 0.2660 0.0228 0.0195
0 0.4169 0.2790 0.0283 0.0336
