0 0.3402 0.4435 0.0341 0.0527
0 0.6484 0.5602 0.0291 0.0622
0 0.8370 0.3452 0.0239 0.0459
0 0.2754 0.6160 0.0273 0.0673
0 0.4922 0.3132 0.0403 0.0512
0 0.3886 0.4193 0.0535 0.0329
0 0.6232 0.3363 0.0375 0.0531
0 0.7005 0.3595 0.0469 0.0447
0 0.1335 0.9073 0.0294 0.0895
0 0.2962 0.5780 0.0294 0.0678
0 0.7445 0.3309 0.0174 0.0452
0 0.4163 0.6095 0.0473 0.0379
0 0.3042 0.4206 0.0373 0.0336
0 0.5998 0.3663 0.0279 0.0450
0 0.3724 0.2715 0.0317 0.0305
0 0.7510 0.5464 0.0290 0.0718
0 0.5607 0.3795 0.0447 0.0515
0 0.9013 0.7635 0.0331 0.0715
0 0.5399 0.3067 0.0327 0.0546
0 0.4901 0.2718 0.0219 0.0269
0 0.5790 0.2662 0.0453 0.0335
0 0.2873 0.7171 0.0237 0.0825
0 0.5762 0.3286 0.0260 0.0563
0 0.6139 0.2773 0.0260 0.0487
0 0.3156 0.5345 0.0516 0.0392
0 0.4230 0.2746 0.0162 0.0254
0 0.6734 0.3192 0.0392 0.0362
0 0.6490 0.3264 0.0350 0.0424
0 0.3057 0.5402 0.0449 0.0487
0 0.1367 0.9841 0.0302 0.0356
0 0.3333 0.2797 0.0261 0.0277
0 0.5604 0.3943 0.0494 0.0329
0 0.5461 0.3266 0.0321 0.0652
0 0.0111 0.3385 0.0265 0.0241
0 0.3179 0.2946 0.0234 0.0443
