0 0.3398 0.4437 0.0340 0.0534
0 0.6490 0.5592 0.0302 0.0640
0 0.2747 0.6167 0.0287 0.0689
0 0.2582 0.6952 0.0242 0.0841
0 0.7603 0.5098 0.0337 0.0651
0 0.8369 0.3455 0.0237 0.0455
0 0.2075 0.8030 0.0292 0.0995
0 0.3891 0.4187 0.0546 0.0317
0 0.6981 0.3601 0.0475 0.0432
0 0.4920 0.3161 0.0404 0.0511
0 0.6286 0.3343 0.0474 0.0476
0 0.4145 0.6107 0.0442 0.0392
0 0.8605 0.6660 0.0283 0.0738
0 0.7446 0.3314 0.0178 0.0464
0 0.6014 0.3691 0.0324 0.0455
0 0.3728 0.2719 0.0269 0.0316
0 0.4898 0.2710 0.0205 0.0261
0 0.3020 0.4203 0.0390 0.0304
0 0.3040 0.5468 0.0383 0.0604
0 0.5780 0.2665 0.0454 0.0326
0 0.5749 0.3293 0.0224 0.0572
0 0.5561 0.3945 0.0510 0.0364
0 0.6149 0.2754 0.0231 0.0459
0 0.5596 0.3841 0.0488 0.0491
0 0.5403 0.3100 0.0295 0.0532
0 0.2932 0.5745 0.0285 0.0621
0 0.6697 0.3187 0.0391 0.0354
0 0.5472 0.3266 0.0281 0.0692
0 0.4234 0.2742 0.0169 0.0249
0 0.3155 0.5347 0.0435 0.0461
0 0.3275 0.2903 0.0283 0.0481
0 0.1371 0.9833 0.0291 0.0357
0 0.0115 0.3383 0.0272 0.0239
0 0.6517 0.3242 0.0460 0.0398
0 0.3319 0.2826 0.0253 0.0370
