0 0.3392 0.4421 0.0342 0.0550
0 0.7792 0.4770 0.0289 0.0646
0 0.6486 0.5592 0.0302 0.0636
0 0.8368 0.3454 0.0239 0.0458
0 0.2745 0.6160 0.0283 0.0681
0 0.2361 0.6638 0.0243 0.0791
0 0.6242 0.3326 0.0445 0.0479
0 0.2689 0.7331 0.0311 0.0988
0 0.3889 0.4185 0.0551 0.0312
0 0.6955 0.3598 0.0470 0.0435
0 0.7443 0.3315 0.0180 0.0456
0 0.3031 0.4204 0.0387 0.0326
0 0.4153 0.6096 0.0449 0.0404
0 0.4900 0.2721 0.0204 0.0277
0 0.8190 0.5867 0.0287 0.0628
0 0.5615 0.3744 0.0463 0.0458
0 0.4883 0.3165 0.0306 0.0484
0 0.3776 0.2742 0.0289 0.0268
0 0.6045 0.3744 0.0315 0.0511
0 0.3176 0.5343 0.0446 0.0514
0 0.2990 0.5532 0.0390 0.0639
0 0.5398 0.3070 0.0264 0.0494
0 0.5039 0.3093 0.0236 0.0526
0 0.5542 0.3949 0.0531 0.0307
0 0.6692 0.3238 0.0413 0.0397
0 0.6144 0.2732 0.0205 0.0430
0 0.5831 0.2675 0.0401 0.0337
0 0.2906 0.5730 0.0318 0.0609
0 0.5737 0.3297 0.0229 0.0554
0 0.5566 0.3281 0.0292 0.0532
0 0.5635 0.2669 0.0347 0.0275
0 0.4240 0.2744 0.0159 0.0258
0 0.3310 0.2823 0.0278 0.0358
0 0.0119 0.3383 0.0278 0.0240
