0 0.3075 0.7011 0.0307 0.1005
0 0.3400 0.4435 0.0307 0.0546
0 0.6485 0.5590 0.0305 0.0644
0 0.8368 0.3454 0.0242 0.0457
0 0.7922 0.4452 0.0248 0.0654
0 0.2757 0.6188 0.0298 0.0693
0 0.6172 0.3341 0.0363 0.0493
0 0.3896 0.4185 0.0532 0.0303
0 0.7443 0.3317 0.0181 0.0458
0 0.3032 0.4211 0.0394 0.0318
0 0.2165 0.6266 0.0241 0.0777
0 0.4160 0.6053 0.0426 0.0502
0 0.4861 0.3156 0.0307 0.0489
0 0.6945 0.3593 0.0457 0.0441
0 0.4902 0.2726 0.0210 0.0284
0 0.2904 0.5630 0.0356 0.0658
0 0.5798 0.2659 0.0449 0.0345
0 0.5773 0.3309 0.0224 0.0533
0 0.7983 0.5201 0.0172 0.0637
0 0.5650 0.3771 0.0400 0.0489
0 0.5525 0.3953 0.0506 0.0359
0 0.3793 0.2735 0.0298 0.0265
0 0.3158 0.5331 0.0415 0.0500
0 0.5406 0.3040 0.0240 0.0505
0 0.6629 0.3248 0.0495 0.0395
0 0.5515 0.3272 0.0231 0.0534
0 0.6083 0.3800 0.0254 0.0554
0 0.5031 0.3036 0.0238 0.0510
0 0.3306 0.2825 0.0311 0.0350
0 0.6146 0.2734 0.0219 0.0400
0 0.4243 0.2740 0.0155 0.0262
0 0.5602 0.2675 0.0325 0.0285
0 0.0121 0.3383 0.0285 0.0237
0 0.6145 0.2970 0.0249 0.0437
