0 0.3401 0.4431 0.0326 0.0544
0 0.8366 0.3454 0.0233 0.0459
0 0.6483 0.5600 0.0297 0.0648
0 0.2102 0.6016 0.0272 0.0705
0 0.3178 0.6663 0.0283 0.0895
0 0.2751 0.6227 0.0332 0.0671
0 0.8027 0.4183 0.0217 0.0683
0 0.7450 0.3325 0.0170 0.0472
0 0.8015 0.4779 0.0192 0.0612
0 0.4876 0.3151 0.0338 0.0484
0 0.3039 0.4231 0.0401 0.0318
0 0.4174 0.6048 0.0416 0.0516
0 0.3898 0.4197 0.0525 0.0294
0 0.6213 0.3348 0.0455 0.0488
0 0.5780 0.2654 0.0481 0.0367
0 0.3761 0.2742 0.0343 0.0263
0 0.4916 0.2722 0.0229 0.0279
0 0.5773 0.3340 0.0217 0.0514
0 0.5490 0.3963 0.0487 0.0313
0 0.5540 0.3296 0.0211 0.0523
0 0.2937 0.5465 0.0375 0.0644
0 0.6101 0.3910 0.0232 0.0523
0 0.2851 0.5539 0.0309 0.0616
0 0.3152 0.5342 0.0406 0.0524
0 0.5395 0.2990 0.0240 0.0500
0 0.6869 0.3557 0.0439 0.0449
0 0.5654 0.3722 0.0402 0.0405
0 0.6624 0.3249 0.0464 0.0427
0 0.6126 0.2737 0.0231 0.0405
0 0.3305 0.2821 0.0345 0.0337
0 0.4243 0.2737 0.0159 0.0261
0 0.5053 0.3029 0.0244 0.0527
0 0.5619 0.2670 0.0331 0.0308
0 0.0116 0.3381 0.0275 0.0236
0 0.6151 0.3115 0.0333 0.0417
