0 0.3398 0.4414 0.0312 0.0566
0 0.3153 0.6316 0.0277 0.0908
0 0.2032 0.5774 0.0305 0.0737
0 0.2755 0.6242 0.0324 0.0683
0 0.6480 0.5631 0.0294 0.0614
0 0.8129 0.3853 0.0279 0.0705
0 0.6146 0.3995 0.0205 0.0520
0 0.8377 0.3455 0.0239 0.0459
0 0.7445 0.3325 0.0171 0.0477
0 0.3048 0.4227 0.0404 0.0327
0 0.5780 0.2669 0.0421 0.0340
0 0.3903 0.4194 0.0497 0.0373
0 0.4169 0.6053 0.0439 0.0505
0 0.5884 0.3339 0.0348 0.0523
0 0.5555 0.3290 0.0232 0.0513
0 0.2841 0.5497 0.0311 0.0623
0 0.3738 0.2744 0.0305 0.0289
0 0.5414 0.3991 0.0442 0.0327
0 0.4834 0.3165 0.0251 0.0506
0 0.6375 0.3320 0.0351 0.0520
0 0.6862 0.3533 0.0437 0.0456
0 0.3153 0.5343 0.0377 0.0599
0 0.8142 0.4626 0.0201 0.0600
0 0.4919 0.2721 0.0227 0.0270
0 0.5691 0.3787 0.0399 0.0443
0 0.5418 0.3012 0.0233 0.0477
0 0.5033 0.2974 0.0251 0.0513
0 0.4235 0.2743 0.0158 0.0259
0 0.6553 0.3258 0.0380 0.0435
0 0.3362 0.2798 0.0249 0.0315
0 0.6615 0.3203 0.0291 0.0373
0 0.6125 0.2739 0.0214 0.0397
