0 0.1983 0.5610 0.0369 0.0651
0 0.3395 0.4394 0.0297 0.0564
0 0.2745 0.6238 0.0333 0.0667
0 0.6165 0.4082 0.0223 0.0550
0 0.6476 0.5629 0.0301 0.0624
0 0.8364 0.3477 0.0256 0.0524
0 0.2965 0.5868 0.0308 0.0950
0 0.7447 0.3329 0.0176 0.0487
0 0.5788 0.2686 0.0431 0.0359
0 0.5808 0.3362 0.0287 0.0519
0 0.3038 0.4231 0.0383 0.0328
0 0.3909 0.4200 0.0486 0.0378
0 0.4833 0.3160 0.0236 0.0511
0 0.5550 0.3287 0.0231 0.0524
0 0.3768 0.2740 0.0326 0.0273
0 0.8144 0.3491 0.0247 0.0666
0 0.3143 0.5328 0.0352 0.0581
0 0.6367 0.3337 0.0305 0.0469
0 0.5392 0.4022 0.0444 0.0359
0 0.8175 0.4191 0.0349 0.0408
0 0.4152 0.6083 0.0424 0.0480
0 0.5733 0.3883 0.0366 0.0463
0 0.6842 0.3532 0.0427 0.0407
0 0.4923 0.2722 0.0226 0.0275
0 0.5446 0.3002 0.0248 0.0459
0 0.5037 0.2970 0.0245 0.0477
0 0.6718 0.3306 0.0436 0.0453
0 0.4239 0.2737 0.0158 0.0261
0 0.3367 0.2803 0.0271 0.0323
0 0.6633 0.3197 0.0400 0.0330
0 0.6109 0.3067 0.0252 0.0364
0 0.5031 0.2761 0.0251 0.0290
0 0.5912 0.3084 0.0292 0.0477
0 0.5609 0.2662 0.0350 0.0287
