0 0.2751 0.6257 0.0330 0.0654
0 0.6160 0.4150 0.0216 0.0558
0 0.2105 0.5577 0.0376 0.0640
0 0.3404 0.4365 0.0274 0.0570
0 0.8368 0.3464 0.0205 0.0468
0 0.6470 0.5654 0.0276 0.0651
0 0.4142 0.6108 0.0414 0.0468
0 0.3144 0.5287 0.0343 0.0638
0 0.6300 0.3278 0.0401 0.0442
0 0.7447 0.3325 0.0174 0.0495
0 0.3033 0.4224 0.0364 0.0318
0 0.8104 0.3140 0.0194 0.0576
0 0.4857 0.3163 0.0300 0.0528
0 0.8068 0.3770 0.0438 0.0298
0 0.2846 0.5556 0.0281 0.0878
0 0.5783 0.3378 0.0252 0.0535
0 0.3910 0.4207 0.0464 0.0414
0 0.3754 0.2736 0.0310 0.0317
0 0.5447 0.3007 0.0250 0.0452
0 0.5379 0.4037 0.0455 0.0351
0 0.5797 0.2978 0.0288 0.0467
0 0.5806 0.2651 0.0454 0.0310
0 0.5546 0.3271 0.0246 0.0486
0 0.5758 0.3941 0.0401 0.0430
0 0.4901 0.2711 0.0213 0.0263
0 0.6711 0.3305 0.0384 0.0432
0 0.6832 0.3544 0.0451 0.0339
0 0.4248 0.2737 0.0172 0.0272
0 0.5045 0.2943 0.0266 0.0467
0 0.3359 0.2800 0.0256 0.0320
0 0.5047 0.2773 0.0260 0.0294
0 0.6649 0.3200 0.0330 0.0344
0 0.5627 0.2633 0.0412 0.0260
