0 0.2749 0.6246 0.0326 0.0666
0 0.8371 0.3461 0.0228 0.0453
0 0.4158 0.6123 0.0431 0.0457
0 0.6170 0.4236 0.0218 0.0568
0 0.3409 0.4342 0.0272 0.0555
0 0.6471 0.5655 0.0257 0.0709
0 0.2379 0.5573 0.0390 0.0662
0 0.8058 0.3826 0.0393 0.0280
0 0.7446 0.3327 0.0176 0.0488
0 0.5781 0.3973 0.0398 0.0451
0 0.4839 0.3163 0.0253 0.0536
0 0.3714 0.2742 0.0347 0.0304
0 0.3148 0.5267 0.0285 0.0692
0 0.3911 0.4219 0.0439 0.0467
0 0.5824 0.3387 0.0293 0.0605
0 0.3034 0.4221 0.0355 0.0315
0 0.5330 0.4019 0.0506 0.0300
0 0.6335 0.3268 0.0318 0.0473
0 0.5572 0.3283 0.0258 0.0529
0 0.6733 0.3520 0.0455 0.0431
0 0.5826 0.3043 0.0302 0.0510
0 0.2841 0.5421 0.0224 0.0835
0 0.5431 0.2989 0.0259 0.0448
0 0.5057 0.2940 0.0256 0.0489
0 0.5782 0.2654 0.0478 0.0315
0 0.8044 0.2793 0.0175 0.0530
0 0.6644 0.3191 0.0388 0.0310
0 0.4919 0.2711 0.0216 0.0256
0 0.4250 0.2745 0.0164 0.0268
0 0.3314 0.2816 0.0327 0.0323
0 0.5052 0.2762 0.0296 0.0309
0 0.5620 0.2647 0.0451 0.0277
