0 0.2757 0.6240 0.0312 0.0679
0 0.5808 0.4008 0.0403 0.0464
0 0.8364 0.3459 0.0247 0.0459
0 0.5307 0.4035 0.0539 0.0310
0 0.6480 0.5661 0.0256 0.0658
0 0.4152 0.6102 0.0425 0.0474
0 0.4836 0.3160 0.0242 0.0518
0 0.7908 0.2603 0.0272 0.0570
0 0.7448 0.3322 0.0174 0.0494
0 0.6687 0.3527 0.0449 0.0387
0 0.6183 0.4316 0.0195 0.0543
0 0.3774 0.2726 0.0317 0.0330
0 0.5827 0.3448 0.0262 0.0602
0 0.2663 0.5422 0.0479 0.0590
0 0.8056 0.3912 0.0459 0.0326
0 0.3910 0.4224 0.0404 0.0512
0 0.6298 0.3260 0.0308 0.0429
0 0.3043 0.4223 0.0356 0.0343
0 0.5562 0.3321 0.0253 0.0549
0 0.5813 0.2991 0.0267 0.0490
0 0.5434 0.2994 0.0273 0.0419
0 0.3412 0.4305 0.0243 0.0571
0 0.4904 0.2728 0.0204 0.0306
0 0.3159 0.5221 0.0289 0.0667
0 0.2903 0.4897 0.0245 0.0733
0 0.6651 0.3182 0.0364 0.0286
0 0.5664 0.2627 0.0526 0.0271
0 0.3435 0.2780 0.0259 0.0294
0 0.4245 0.2742 0.0172 0.0276
0 0.5801 0.2650 0.0476 0.0292
0 0.5101 0.2890 0.0233 0.0463
0 0.6157 0.3166 0.0333 0.0403
