0 0.6871 0.3433 0.0194 0.0532
0 0.7978 0.3358 0.0216 0.0557
0 0.5807 0.3326 0.0459 0.0356
0 0.5446 0.3014 0.0249 0.0397
0 0.5673 0.3773 0.0387 0.0465
0 0.2714 0.6506 0.0250 0.0619
0 0.4859 0.3095 0.0232 0.0444
0 0.4941 0.5532 0.0222 0.0645
0 0.7421 0.3314 0.0219 0.0511
0 0.4705 0.3672 0.0246 0.0707
0 0.3373 0.2663 0.0415 0.0375
0 0.6506 0.2939 0.0544 0.0329
0 0.8279 0.3293 0.0223 0.0554
0 0.9254 0.3444 0.0389 0.0544
0 0.5755 0.4416 0.0205 0.0642
0 0.4065 0.2893 0.0230 0.0472
0 0.4897 0.2723 0.0214 0.0277
0 0.6495 0.8962 0.0374 0.0812
0 0.2930 0.4215 0.0438 0.0509
0 0.3678 0.2682 0.0381 0.0323
0 0.8420 0.3028 0.0349 0.0366
0 0.3015 0.4365 0.0294 0.0560
0 0.6132 0.2672 0.0252 0.0272
0 0.5492 0.4274 0.0408 0.0318
0 0.5510 0.2651 0.0219 0.0197
0 0.7675 0.3274 0.0220 0.0407
0 0.9045 0.2995 0.0215 0.0356
0 0.4133 0.2810 0.0284 0.0379
