0 0.2759 0.6240 0.0309 0.0685
0 0.5257 0.4027 0.0526 0.0310
0 0.8366 0.3462 0.0245 0.0466
0 0.5814 0.4031 0.0403 0.0478
0 0.8015 0.3968 0.0414 0.0449
0 0.6485 0.5663 0.0252 0.0671
0 0.6153 0.4382 0.0193 0.0550
0 0.4163 0.6103 0.0425 0.0478
0 0.3410 0.4252 0.0214 0.0598
0 0.3008 0.4465 0.0283 0.0874
0 0.3138 0.5231 0.0299 0.0673
0 0.4833 0.3165 0.0230 0.0516
0 0.3909 0.4232 0.0430 0.0513
0 0.6656 0.3523 0.0445 0.0416
0 0.7447 0.3323 0.0175 0.0485
0 0.3758 0.2718 0.0325 0.0366
0 0.5895 0.3475 0.0331 0.0591
0 0.5445 0.2988 0.0289 0.0416
0 0.6308 0.3272 0.0285 0.0454
0 0.5567 0.3301 0.0291 0.0506
0 0.5111 0.2801 0.0249 0.0437
0 0.7693 0.2453 0.0284 0.0484
0 0.2830 0.5218 0.0277 0.0699
0 0.6647 0.3185 0.0378 0.0300
0 0.4886 0.2723 0.0198 0.0302
0 0.5880 0.3087 0.0267 0.0502
0 0.4246 0.2744 0.0166 0.0282
0 0.5671 0.2639 0.0543 0.0283
0 0.3496 0.2776 0.0250 0.0303
0 0.0130 0.3384 0.0300 0.0239
