0 0.2760 0.6241 0.0317 0.0688
0 0.5213 0.4011 0.0524 0.0303
0 0.8364 0.3464 0.0237 0.0476
0 0.5803 0.4035 0.0412 0.0448
0 0.6489 0.5660 0.0250 0.0674
0 0.6169 0.4469 0.0200 0.0529
0 0.4158 0.6107 0.0434 0.0472
0 0.3324 0.4219 0.0344 0.0711
0 0.4835 0.3164 0.0233 0.0540
0 0.3905 0.4239 0.0450 0.0531
0 0.7444 0.3323 0.0173 0.0498
0 0.6628 0.3508 0.0452 0.0436
0 0.3729 0.2686 0.0300 0.0423
0 0.3139 0.5111 0.0316 0.0771
0 0.2822 0.9575 0.0340 0.0767
0 0.8001 0.3944 0.0392 0.0462
0 0.7645 0.2581 0.0217 0.0587
0 0.5437 0.2997 0.0296 0.0444
0 0.5548 0.3267 0.0285 0.0525
0 0.5808 0.3621 0.0297 0.0458
0 0.6653 0.3180 0.0360 0.0319
0 0.6023 0.3270 0.0279 0.0549
0 0.6313 0.3295 0.0262 0.0469
0 0.4886 0.2721 0.0202 0.0301
0 0.5106 0.2824 0.0261 0.0478
0 0.5662 0.2646 0.0539 0.0301
0 0.4239 0.2746 0.0170 0.0275
0 0.5908 0.3118 0.0308 0.0540
0 0.3480 0.2773 0.0266 0.0298
0 0.5777 0.2682 0.0449 0.0306
0 0.3143 0.4319 0.0296 0.0670
0 0.6142 0.2707 0.0226 0.0354
0 0.2844 0.5135 0.0289 0.0693
0 0.6119 0.2989 0.0285 0.0453
0 0.0136 0.3384 0.0314 0.0242
0 0.2936 0.4982 0.0269 0.0711
