0 0.2754 0.6263 0.0354 0.0672
0 0.5173 0.3994 0.0511 0.0339
0 0.6178 0.4524 0.0201 0.0561
0 0.8365 0.3462 0.0241 0.0469
0 0.5812 0.4044 0.0421 0.0452
0 0.3487 0.4165 0.0296 0.0729
0 0.6614 0.3494 0.0460 0.0440
0 0.4166 0.6109 0.0448 0.0453
0 0.7937 0.3902 0.0443 0.0443
0 0.6491 0.5662 0.0242 0.0696
0 0.3184 0.5151 0.0229 0.0642
0 0.4839 0.3169 0.0241 0.0541
0 0.7443 0.3321 0.0186 0.0472
0 0.3043 0.4230 0.0363 0.0350
0 0.3719 0.2677 0.0325 0.0413
0 0.3884 0.4299 0.0464 0.0432
0 0.2808 0.8603 0.0427 0.0864
0 0.5440 0.3010 0.0321 0.0456
0 0.5811 0.3623 0.0279 0.0481
0 0.4885 0.2731 0.0201 0.0303
0 0.4236 0.2746 0.0176 0.0274
0 0.6204 0.3265 0.0314 0.0476
0 0.6658 0.3184 0.0339 0.0315
0 0.2827 0.5193 0.0245 0.0719
0 0.5670 0.2653 0.0493 0.0313
0 0.5080 0.2790 0.0234 0.0403
0 0.2785 0.4838 0.0205 0.0791
0 0.7672 0.2898 0.0234 0.0647
0 0.3481 0.2754 0.0280 0.0288
0 0.6009 0.3258 0.0327 0.0503
0 0.5804 0.2684 0.0482 0.0319
0 0.5802 0.3155 0.0303 0.0495
0 0.5560 0.3243 0.0287 0.0492
0 0.6134 0.2681 0.0228 0.0334
0 0.0132 0.3385 0.0305 0.0240
