0 0.2758 0.6268 0.0361 0.0668
0 0.5119 0.3989 0.0497 0.0368
0 0.3430 0.4176 0.0236 0.0603
0 0.8371 0.3449 0.0246 0.0470
0 0.6604 0.3496 0.0460 0.0424
0 0.4178 0.6115 0.0464 0.0425
0 0.5785 0.4085 0.0371 0.0495
0 0.6155 0.4601 0.0209 0.0576
0 0.7885 0.3869 0.0395 0.0453
0 0.3783 0.4087 0.0227 0.0736
0 0.4843 0.3163 0.0233 0.0516
0 0.2816 0.5167 0.0223 0.0734
0 0.2539 0.4503 0.0234 0.0631
0 0.7448 0.3319 0.0190 0.0482
0 0.3761 0.2603 0.0306 0.0461
0 0.6489 0.5676 0.0236 0.0655
0 0.3058 0.4221 0.0373 0.0345
0 0.5483 0.3058 0.0383 0.0466
0 0.5818 0.3641 0.0254 0.0523
0 0.6664 0.3179 0.0368 0.0321
0 0.7741 0.3160 0.0191 0.0533
0 0.3485 0.2779 0.0331 0.0292
0 0.5094 0.2753 0.0248 0.0335
0 0.5645 0.2659 0.0511 0.0316
0 0.4877 0.2724 0.0197 0.0289
0 0.3540 0.7800 0.0338 0.0771
0 0.3207 0.5089 0.0227 0.0652
0 0.5945 0.2702 0.0306 0.0327
0 0.6191 0.3271 0.0329 0.0465
0 0.4235 0.2739 0.0175 0.0290
0 0.6035 0.3246 0.0266 0.0483
0 0.5627 0.3231 0.0372 0.0436
0 0.0127 0.3386 0.0297 0.0239
