0 0.2757 0.6274 0.0359 0.0663
0 0.5095 0.3975 0.0473 0.0401
0 0.8375 0.3450 0.0234 0.0477
0 0.6596 0.3475 0.0448 0.0443
0 0.4181 0.6112 0.0462 0.0408
0 0.3424 0.4169 0.0229 0.0593
0 0.3999 0.4087 0.0282 0.0698
0 0.5771 0.4124 0.0375 0.0503
0 0.4846 0.3170 0.0243 0.0518
0 0.2794 0.5095 0.0223 0.0617
0 0.3064 0.4225 0.0357 0.0376
0 0.3765 0.2615 0.0253 0.0504
0 0.6491 0.5679 0.0225 0.0660
0 0.7451 0.3314 0.0191 0.0518
0 0.2477 0.4169 0.0298 0.0603
0 0.3232 0.5063 0.0224 0.0673
0 0.6147 0.4687 0.0218 0.0541
0 0.5448 0.3017 0.0354 0.0465
0 0.4521 0.7415 0.0395 0.0756
0 0.5805 0.3669 0.0299 0.0576
0 0.3489 0.2760 0.0300 0.0290
0 0.3823 0.4349 0.0425 0.0338
0 0.7835 0.3290 0.0231 0.0591
0 0.5102 0.2745 0.0260 0.0295
0 0.7874 0.3823 0.0319 0.0487
0 0.4883 0.2728 0.0201 0.0287
0 0.5657 0.2639 0.0526 0.0313
0 0.6666 0.3183 0.0368 0.0331
0 0.4235 0.2742 0.0167 0.0290
0 0.5919 0.2682 0.0365 0.0331
0 0.5924 0.3258 0.0351 0.0492
0 0.6141 0.3242 0.0369 0.0500
0 0.5685 0.3258 0.0317 0.0486
0 0.6122 0.2651 0.0250 0.0273
0 0.0130 0.3388 0.0303 0.0240
