0 0.2755 0.6269 0.0357 0.0661
0 0.8372 0.3446 0.0232 0.0497
0 0.4062 0.4083 0.0269 0.0684
0 0.3453 0.4126 0.0252 0.0580
0 0.2626 0.3863 0.0347 0.0535
0 0.6580 0.3478 0.0449 0.0435
0 0.4179 0.6108 0.0476 0.0407
0 0.7446 0.3328 0.0183 0.0492
0 0.6158 0.4746 0.0195 0.0592
0 0.4848 0.3171 0.0252 0.0523
0 0.3095 0.4232 0.0419 0.0342
0 0.2770 0.5072 0.0258 0.0621
0 0.6495 0.5677 0.0236 0.0698
0 0.5765 0.4203 0.0411 0.0421
0 0.5051 0.3941 0.0447 0.0426
0 0.5462 0.3038 0.0352 0.0477
0 0.7930 0.3636 0.0245 0.0751
0 0.5806 0.3706 0.0296 0.0592
0 0.5491 0.7209 0.0327 0.0755
0 0.3763 0.2612 0.0279 0.0468
0 0.5091 0.2744 0.0290 0.0289
0 0.3240 0.5025 0.0234 0.0671
0 0.3489 0.2765 0.0354 0.0283
0 0.3832 0.4365 0.0473 0.0317
0 0.6658 0.3178 0.0377 0.0350
0 0.5598 0.2654 0.0446 0.0306
0 0.4234 0.2740 0.0175 0.0290
0 0.4899 0.2727 0.0212 0.0278
0 0.5670 0.3324 0.0336 0.0532
0 0.5972 0.2706 0.0255 0.0313
0 0.6112 0.3174 0.0276 0.0558
0 0.5842 0.3293 0.0335 0.0544
0 0.0128 0.3386 0.0298 0.0238
