0 0.2751 0.6265 0.0359 0.0663
0 0.8366 0.3452 0.0247 0.0458
0 0.4059 0.4145 0.0281 0.0702
0 0.7913 0.3697 0.0243 0.0660
0 0.6544 0.3450 0.0439 0.0478
0 0.6148 0.4804 0.0216 0.0605
0 0.3471 0.4120 0.0258 0.0578
0 0.4180 0.6109 0.0473 0.0402
0 0.3106 0.4233 0.0401 0.0446
0 0.4847 0.3169 0.0251 0.0497
0 0.5473 0.3052 0.0355 0.0450
0 0.3254 0.4958 0.0271 0.0654
0 0.7448 0.3328 0.0186 0.0496
0 0.5856 0.3801 0.0237 0.0534
0 0.2940 0.3524 0.0324 0.0570
0 0.6502 0.5674 0.0232 0.0685
0 0.3768 0.2598 0.0265 0.0516
0 0.5656 0.3451 0.0329 0.0517
0 0.2757 0.5058 0.0265 0.0626
0 0.5761 0.4324 0.0492 0.0307
0 0.5017 0.3908 0.0429 0.0476
0 0.3775 0.4415 0.0340 0.0391
0 0.6225 0.6982 0.0203 0.0751
0 0.4887 0.2724 0.0200 0.0292
0 0.3454 0.2770 0.0320 0.0281
0 0.5612 0.2659 0.0512 0.0335
0 0.6663 0.3184 0.0351 0.0371
0 0.4239 0.2738 0.0181 0.0299
0 0.5077 0.2747 0.0238 0.0277
0 0.6096 0.3152 0.0296 0.0591
0 0.5939 0.2694 0.0301 0.0310
0 0.0130 0.3386 0.0304 0.0239
0 0.6031 0.3261 0.0260 0.0559
0 0.6132 0.2675 0.0208 0.0289
