0 0.2753 0.6261 0.0358 0.0669
0 0.3030 0.3431 0.0327 0.0526
0 0.3291 0.4926 0.0273 0.0627
0 0.8368 0.3456 0.0244 0.0449
0 0.4192 0.6132 0.0484 0.0366
0 0.3473 0.4081 0.0272 0.0601
0 0.6109 0.4872 0.0214 0.0575
0 0.5826 0.4337 0.0487 0.0312
0 0.5475 0.3053 0.0345 0.0456
0 0.4018 0.4407 0.0312 0.0666
0 0.3098 0.4228 0.0389 0.0427
0 0.6510 0.3441 0.0423 0.0483
0 0.7805 0.3617 0.0266 0.0604
0 0.4848 0.3166 0.0247 0.0505
0 0.3783 0.2594 0.0295 0.0543
0 0.7449 0.3326 0.0188 0.0509
0 0.6502 0.5674 0.0240 0.0675
0 0.5870 0.3823 0.0242 0.0591
0 0.2756 0.5038 0.0263 0.0649
0 0.6827 0.6638 0.0244 0.0785
0 0.3771 0.4518 0.0314 0.0382
0 0.4985 0.3885 0.0436 0.0477
0 0.6010 0.3151 0.0278 0.0683
0 0.5095 0.2733 0.0254 0.0273
0 0.5644 0.2666 0.0477 0.0358
0 0.4882 0.2723 0.0201 0.0289
0 0.3466 0.2770 0.0366 0.0293
0 0.6680 0.3183 0.0326 0.0366
0 0.5636 0.3541 0.0264 0.0549
0 0.4236 0.2738 0.0184 0.0300
0 0.6112 0.3131 0.0290 0.0557
0 0.0131 0.3387 0.0306 0.0238
0 0.5755 0.2642 0.0390 0.0334
