0 0.3030 0.3433 0.0348 0.0547
0 0.2756 0.6257 0.0355 0.0666
0 0.8367 0.3450 0.0241 0.0450
0 0.3293 0.4895 0.0256 0.0659
0 0.3494 0.4052 0.0282 0.0635
0 0.6497 0.5667 0.0247 0.0715
0 0.4201 0.6151 0.0515 0.0310
0 0.4951 0.3848 0.0425 0.0506
0 0.6107 0.4900 0.0219 0.0570
0 0.7333 0.6289 0.0203 0.0765
0 0.5534 0.3029 0.0320 0.0490
0 0.6500 0.3418 0.0381 0.0462
0 0.4846 0.3172 0.0234 0.0499
0 0.5859 0.3848 0.0230 0.0528
0 0.3843 0.4555 0.0338 0.0611
0 0.3801 0.2592 0.0262 0.0581
0 0.6014 0.3095 0.0293 0.0658
0 0.3083 0.4236 0.0418 0.0369
0 0.7446 0.3321 0.0202 0.0503
0 0.7743 0.3502 0.0321 0.0690
0 0.5574 0.3655 0.0255 0.0497
0 0.2765 0.4977 0.0238 0.0690
0 0.5084 0.2734 0.0224 0.0277
0 0.5626 0.2648 0.0454 0.0326
0 0.3465 0.2770 0.0346 0.0284
0 0.6692 0.3183 0.0337 0.0373
0 0.4875 0.2729 0.0187 0.0293
0 0.4234 0.2734 0.0189 0.0325
0 0.5883 0.4271 0.0423 0.0355
0 0.6105 0.3109 0.0290 0.0549
0 0.0142 0.3386 0.0323 0.0238
0 0.5346 0.3009 0.0206 0.0442
0 0.5796 0.2665 0.0286 0.0299
