0 0.3034 0.3411 0.0321 0.0540
0 0.2754 0.6250 0.0360 0.0658
0 0.8369 0.3450 0.0240 0.0454
0 0.3292 0.4870 0.0245 0.0624
0 0.4919 0.3832 0.0393 0.0517
0 0.5927 0.4361 0.0481 0.0319
0 0.6493 0.5656 0.0262 0.0712
0 0.4199 0.6133 0.0493 0.0343
0 0.2746 0.4924 0.0215 0.0677
0 0.3070 0.4220 0.0387 0.0394
0 0.5572 0.3755 0.0255 0.0515
0 0.4846 0.3167 0.0234 0.0507
0 0.5418 0.3003 0.0280 0.0467
0 0.3803 0.2601 0.0295 0.0538
0 0.7450 0.3312 0.0206 0.0466
0 0.3506 0.3979 0.0281 0.0534
0 0.5860 0.3863 0.0223 0.0545
0 0.6468 0.3400 0.0358 0.0475
0 0.6103 0.4978 0.0213 0.0624
0 0.5970 0.3105 0.0261 0.0546
0 0.3656 0.4578 0.0260 0.0663
0 0.7738 0.3303 0.0236 0.0532
0 0.7479 0.6085 0.0300 0.0715
0 0.4881 0.2728 0.0186 0.0301
0 0.5614 0.2633 0.0354 0.0368
0 0.3464 0.2773 0.0344 0.0293
0 0.5916 0.2750 0.0268 0.0354
0 0.3967 0.4675 0.0356 0.0477
0 0.5097 0.2731 0.0235 0.0258
0 0.7793 0.3627 0.0273 0.0423
0 0.6707 0.3191 0.0334 0.0353
0 0.4243 0.2749 0.0206 0.0305
0 0.6122 0.3109 0.0221 0.0481
0 0.3723 0.4661 0.0297 0.0537
0 0.0137 0.3386 0.0316 0.0239
