0 0.5975 0.8460 0.0308 0.0936
0 0.5863 0.3330 0.0442 0.0430
0 0.6877 0.3430 0.0198 0.0543
0 0.7422 0.3316 0.0220 0.0519
0 0.4864 0.3093 0.0285 0.0459
0 0.7969 0.3331 0.0256 0.0526
0 0.2713 0.6506 0.0237 0.0631
0 0.4950 0.5539 0.0214 0.0632
0 0.5267 0.3447 0.0238 0.0764
0 0.3383 0.2641 0.0411 0.0369
0 0.5435 0.2991 0.0255 0.0414
0 0.8279 0.3301 0.0222 0.0526
0 0.4895 0.2719 0.0225 0.0281
0 0.2962 0.4267 0.0425 0.0586
0 0.5682 0.3784 0.0390 0.0470
0 0.4074 0.2893 0.0246 0.0455
0 0.3681 0.2717 0.0354 0.0331
0 0.8441 0.3043 0.0318 0.0376
0 0.6512 0.2923 0.0521 0.0331
0 0.5624 0.4303 0.0529 0.0346
0 0.5504 0.2670 0.0219 0.0222
0 0.9634 0.3594 0.0325 0.0619
0 0.7711 0.3279 0.0245 0.0410
0 0.6122 0.2715 0.0253 0.0315
0 0.5759 0.3993 0.0299 0.0741
0 0.4128 0.2793 0.0285 0.0328
0 0.6045 0.2804 0.0252 0.0382
