0 0.8369 0.3458 0.0240 0.0463
0 0.2743 0.6232 0.0358 0.0669
0 0.7245 0.5799 0.0279 0.0677
0 0.3049 0.3349 0.0295 0.0578
0 0.5931 0.4387 0.0497 0.0368
0 0.4887 0.3795 0.0372 0.0514
0 0.4180 0.6128 0.0496 0.0352
0 0.2755 0.4891 0.0211 0.0649
0 0.3307 0.4856 0.0279 0.0604
0 0.6488 0.5663 0.0265 0.0709
0 0.5540 0.3859 0.0243 0.0543
0 0.5927 0.3078 0.0228 0.0645
0 0.3805 0.2635 0.0285 0.0505
0 0.4846 0.3157 0.0228 0.0505
0 0.7448 0.3319 0.0199 0.0506
0 0.5469 0.2977 0.0350 0.0436
0 0.3062 0.4230 0.0418 0.0359
0 0.5621 0.2601 0.0445 0.0299
0 0.3890 0.4662 0.0425 0.0414
0 0.6452 0.3402 0.0323 0.0465
0 0.3555 0.3963 0.0304 0.0677
0 0.3469 0.2772 0.0312 0.0300
0 0.3473 0.4461 0.0286 0.0466
0 0.4879 0.2720 0.0197 0.0300
0 0.5072 0.2728 0.0237 0.0281
0 0.6131 0.3051 0.0194 0.0443
0 0.4210 0.2735 0.0220 0.0300
0 0.7835 0.3421 0.0202 0.0849
0 0.6723 0.3196 0.0321 0.0377
0 0.5856 0.3904 0.0219 0.0570
0 0.6088 0.5017 0.0216 0.0590
0 0.7812 0.3596 0.0231 0.0549
0 0.5843 0.2696 0.0313 0.0300
0 0.0143 0.3386 0.0326 0.0239
