0 0.2735 0.6220 0.0359 0.0657
0 0.4852 0.3782 0.0382 0.0515
0 0.8366 0.3457 0.0239 0.0480
0 0.2755 0.4862 0.0189 0.0656
0 0.5978 0.4375 0.0467 0.0380
0 0.3052 0.3289 0.0269 0.0591
0 0.5899 0.3089 0.0228 0.0615
0 0.4182 0.6116 0.0497 0.0362
0 0.3811 0.2624 0.0278 0.0523
0 0.4844 0.3155 0.0221 0.0500
0 0.7440 0.3329 0.0178 0.0485
0 0.3027 0.4215 0.0389 0.0358
0 0.6845 0.5419 0.0325 0.0653
0 0.3858 0.4671 0.0473 0.0396
0 0.5512 0.4006 0.0205 0.0552
0 0.7795 0.3618 0.0257 0.0542
0 0.5405 0.2978 0.0285 0.0415
0 0.3320 0.4819 0.0250 0.0610
0 0.5628 0.2605 0.0418 0.0356
0 0.3340 0.4481 0.0222 0.0657
0 0.6490 0.5665 0.0229 0.0673
0 0.3474 0.2777 0.0308 0.0316
0 0.8002 0.3268 0.0206 0.0485
0 0.6119 0.3006 0.0188 0.0473
0 0.5102 0.2725 0.0264 0.0262
0 0.4871 0.2721 0.0188 0.0288
0 0.4220 0.2747 0.0260 0.0317
0 0.5848 0.3948 0.0193 0.0555
0 0.6058 0.5072 0.0211 0.0543
0 0.6417 0.3358 0.0317 0.0503
0 0.6724 0.3195 0.0303 0.0365
0 0.3587 0.3914 0.0313 0.0576
0 0.0138 0.3387 0.0319 0.0241
