0 0.2729 0.6214 0.0364 0.0641
0 0.4822 0.3758 0.0402 0.0521
0 0.8365 0.3458 0.0230 0.0481
0 0.2738 0.4848 0.0204 0.0675
0 0.7438 0.3323 0.0181 0.0496
0 0.8101 0.3304 0.0252 0.0516
0 0.3825 0.4691 0.0454 0.0412
0 0.6020 0.4361 0.0444 0.0397
0 0.4187 0.6116 0.0475 0.0365
0 0.5868 0.3071 0.0214 0.0651
0 0.3023 0.4198 0.0438 0.0337
0 0.4846 0.3158 0.0219 0.0498
0 0.3799 0.2639 0.0303 0.0501
0 0.7803 0.3659 0.0319 0.0505
0 0.6487 0.5655 0.0240 0.0683
0 0.5509 0.4124 0.0217 0.0559
0 0.5634 0.2599 0.0331 0.0328
0 0.6039 0.5070 0.0200 0.0523
0 0.3598 0.3872 0.0293 0.0554
0 0.5388 0.2978 0.0226 0.0438
0 0.4870 0.2714 0.0203 0.0283
0 0.5832 0.3983 0.0207 0.0490
0 0.3075 0.3248 0.0226 0.0537
0 0.3328 0.4779 0.0291 0.0595
0 0.6105 0.2969 0.0206 0.0448
0 0.6413 0.3366 0.0318 0.0512
0 0.3472 0.2776 0.0331 0.0302
0 0.4230 0.2743 0.0253 0.0302
0 0.3397 0.4531 0.0290 0.0821
0 0.6358 0.4982 0.0276 0.0584
0 0.6725 0.3198 0.0298 0.0379
0 0.5072 0.2689 0.0230 0.0245
0 0.0137 0.3387 0.0316 0.0240
