0 0.2727 0.6219 0.0362 0.0650
0 0.4791 0.3746 0.0407 0.0549
0 0.8358 0.3437 0.0263 0.0536
0 0.6497 0.5654 0.0236 0.0693
0 0.2737 0.4810 0.0214 0.0677
0 0.3797 0.4693 0.0458 0.0401
0 0.3325 0.4717 0.0253 0.0665
0 0.7438 0.3327 0.0179 0.0499
0 0.5834 0.3086 0.0236 0.0641
0 0.4189 0.6115 0.0480 0.0358
0 0.4843 0.3160 0.0221 0.0479
0 0.3034 0.4195 0.0461 0.0312
0 0.7792 0.3646 0.0337 0.0452
0 0.5632 0.2625 0.0461 0.0330
0 0.3817 0.2662 0.0304 0.0452
0 0.5830 0.4057 0.0210 0.0463
0 0.6048 0.5126 0.0268 0.0539
0 0.3600 0.3806 0.0313 0.0524
0 0.8160 0.3320 0.0273 0.0574
0 0.6407 0.3352 0.0311 0.0527
0 0.5468 0.4257 0.0229 0.0550
0 0.4818 0.2705 0.0224 0.0269
0 0.5383 0.2979 0.0227 0.0450
0 0.3480 0.2778 0.0315 0.0311
0 0.5986 0.4542 0.0318 0.0657
0 0.6098 0.2971 0.0217 0.0438
0 0.4211 0.2744 0.0281 0.0322
0 0.3097 0.3194 0.0227 0.0513
0 0.3587 0.4320 0.0296 0.0596
0 0.6732 0.3205 0.0307 0.0374
0 0.6150 0.4265 0.0376 0.0333
0 0.5065 0.2677 0.0267 0.0236
0 0.5983 0.4705 0.0287 0.0711
0 0.0137 0.3386 0.0314 0.0240
