0 0.4765 0.3711 0.0394 0.0535
0 0.2727 0.6223 0.0361 0.0648
0 0.3753 0.4739 0.0464 0.0428
0 0.8299 0.3450 0.0400 0.0486
0 0.6488 0.5647 0.0248 0.0722
0 0.2709 0.4768 0.0222 0.0669
0 0.5822 0.3058 0.0274 0.0557
0 0.3800 0.4121 0.0274 0.0706
0 0.5620 0.2624 0.0504 0.0377
0 0.4837 0.3161 0.0238 0.0469
0 0.4201 0.6116 0.0473 0.0352
0 0.7440 0.3326 0.0187 0.0474
0 0.3019 0.4210 0.0403 0.0348
0 0.5521 0.4402 0.0394 0.0531
0 0.7758 0.3634 0.0344 0.0422
0 0.3327 0.4671 0.0264 0.0641
0 0.3095 0.3157 0.0223 0.0483
0 0.3610 0.3750 0.0235 0.0610
0 0.3809 0.2649 0.0261 0.0428
0 0.4764 0.2712 0.0236 0.0261
0 0.6100 0.4311 0.0403 0.0470
0 0.3474 0.2783 0.0313 0.0321
0 0.5795 0.4148 0.0238 0.0499
0 0.6408 0.3362 0.0294 0.0533
0 0.5385 0.2981 0.0234 0.0454
0 0.6057 0.5117 0.0228 0.0532
0 0.3976 0.2921 0.0204 0.0372
0 0.6101 0.2949 0.0205 0.0411
0 0.6537 0.3295 0.0386 0.0471
0 0.4232 0.2742 0.0220 0.0337
0 0.6733 0.3209 0.0323 0.0379
0 0.0144 0.3385 0.0328 0.0238
