0 0.2725 0.6225 0.0368 0.0643
0 0.8299 0.3516 0.0431 0.0545
0 0.3737 0.4759 0.0473 0.0433
0 0.4752 0.3687 0.0378 0.0531
0 0.3620 0.3696 0.0275 0.0534
0 0.6497 0.5657 0.0236 0.0706
0 0.4199 0.6123 0.0492 0.0356
0 0.5606 0.2611 0.0471 0.0371
0 0.5781 0.4178 0.0231 0.0526
0 0.4845 0.3156 0.0237 0.0495
0 0.2731 0.4734 0.0217 0.0621
0 0.7441 0.3327 0.0192 0.0469
0 0.3016 0.4214 0.0417 0.0371
0 0.7738 0.3627 0.0345 0.0448
0 0.5823 0.3009 0.0243 0.0532
0 0.3808 0.2638 0.0251 0.0474
0 0.3097 0.3124 0.0232 0.0472
0 0.5419 0.4493 0.0224 0.0615
0 0.6115 0.4252 0.0394 0.0484
0 0.3471 0.2766 0.0297 0.0339
0 0.3980 0.3016 0.0205 0.0421
0 0.6404 0.3369 0.0301 0.0551
0 0.4719 0.2729 0.0274 0.0281
0 0.3908 0.3977 0.0247 0.0685
0 0.3356 0.4662 0.0282 0.0632
0 0.5385 0.2983 0.0241 0.0455
0 0.6054 0.5097 0.0222 0.0530
0 0.5333 0.4106 0.0226 0.0562
0 0.6662 0.3267 0.0408 0.0447
0 0.6099 0.2896 0.0202 0.0459
0 0.4228 0.2755 0.0189 0.0314
0 0.6734 0.3212 0.0316 0.0369
0 0.0148 0.3386 0.0334 0.0239
