0 0.3733 0.4776 0.0485 0.0428
0 0.2724 0.6223 0.0369 0.0635
0 0.4727 0.3665 0.0368 0.0570
0 0.3973 0.3853 0.0284 0.0643
0 0.6154 0.4213 0.0360 0.0543
0 0.4212 0.6133 0.0495 0.0367
0 0.3630 0.3662 0.0270 0.0590
0 0.3353 0.4604 0.0275 0.0626
0 0.6502 0.5662 0.0242 0.0704
0 0.5192 0.3805 0.0208 0.0637
0 0.3806 0.2629 0.0262 0.0474
0 0.4846 0.3139 0.0236 0.0490
0 0.5581 0.2580 0.0418 0.0388
0 0.5820 0.3019 0.0239 0.0498
0 0.3015 0.4211 0.0427 0.0358
0 0.5765 0.4237 0.0224 0.0554
0 0.2739 0.4683 0.0229 0.0639
0 0.7443 0.3320 0.0191 0.0460
0 0.3469 0.2761 0.0279 0.0339
0 0.3138 0.3029 0.0223 0.0561
0 0.5425 0.4677 0.0209 0.0597
0 0.3965 0.3153 0.0208 0.0485
0 0.4788 0.2729 0.0284 0.0281
0 0.8314 0.3594 0.0376 0.0670
0 0.7740 0.3601 0.0325 0.0514
0 0.6454 0.3389 0.0305 0.0527
0 0.6053 0.5092 0.0225 0.0521
0 0.5380 0.2987 0.0225 0.0467
0 0.4199 0.2744 0.0175 0.0301
0 0.5984 0.2722 0.0275 0.0342
0 0.6732 0.3204 0.0306 0.0357
0 0.0141 0.3386 0.0320 0.0240
0 0.6108 0.2774 0.0235 0.0473
0 0.6121 0.2897 0.0181 0.0461
