0 0.4054 0.3817 0.0316 0.0630
0 0.2717 0.6213 0.0354 0.0661
0 0.3367 0.4576 0.0264 0.0596
0 0.6176 0.4161 0.0348 0.0519
0 0.3718 0.4801 0.0502 0.0464
0 0.4204 0.6134 0.0472 0.0371
0 0.4711 0.3641 0.0372 0.0543
0 0.6501 0.5664 0.0233 0.0703
0 0.3799 0.2636 0.0287 0.0480
0 0.2730 0.4595 0.0207 0.0660
0 0.5781 0.4343 0.0201 0.0501
0 0.5163 0.3608 0.0269 0.0613
0 0.3624 0.3615 0.0268 0.0601
0 0.4848 0.3139 0.0257 0.0483
0 0.5829 0.3011 0.0236 0.0525
0 0.6456 0.3376 0.0280 0.0554
0 0.3018 0.4205 0.0445 0.0345
0 0.4748 0.2742 0.0295 0.0312
0 0.5391 0.4805 0.0240 0.0538
0 0.5605 0.2560 0.0372 0.0432
0 0.8396 0.3796 0.0238 0.0694
0 0.7442 0.3321 0.0200 0.0456
0 0.3972 0.3261 0.0221 0.0449
0 0.8381 0.3472 0.0250 0.0515
0 0.5381 0.2971 0.0224 0.0444
0 0.3477 0.2758 0.0291 0.0346
0 0.6055 0.5099 0.0220 0.0527
0 0.4195 0.2735 0.0192 0.0296
0 0.7647 0.3534 0.0438 0.0554
0 0.3179 0.2902 0.0252 0.0442
0 0.6002 0.2741 0.0276 0.0363
0 0.6107 0.2796 0.0252 0.0525
0 0.0144 0.3386 0.0327 0.0242
0 0.6742 0.3202 0.0272 0.0382
