0 0.6216 0.4111 0.0365 0.0540
0 0.3701 0.4847 0.0496 0.0469
0 0.4102 0.3821 0.0300 0.0668
0 0.2712 0.6213 0.0351 0.0662
0 0.3391 0.4534 0.0294 0.0633
0 0.4203 0.6138 0.0468 0.0378
0 0.2709 0.4529 0.0212 0.0630
0 0.6499 0.5675 0.0236 0.0688
0 0.8389 0.3762 0.0281 0.0550
0 0.5611 0.2588 0.0439 0.0451
0 0.5741 0.4448 0.0201 0.0505
0 0.3806 0.2623 0.0286 0.0470
0 0.4842 0.3138 0.0261 0.0467
0 0.3640 0.3544 0.0253 0.0615
0 0.5825 0.3007 0.0244 0.0441
0 0.3034 0.4205 0.0416 0.0325
0 0.4849 0.2741 0.0271 0.0304
0 0.3466 0.2751 0.0286 0.0357
0 0.3972 0.3346 0.0197 0.0441
0 0.4693 0.3596 0.0349 0.0530
0 0.7650 0.3518 0.0430 0.0531
0 0.8374 0.3459 0.0260 0.0474
0 0.7444 0.3323 0.0217 0.0470
0 0.5255 0.3553 0.0334 0.0547
0 0.6054 0.5114 0.0227 0.0530
0 0.6464 0.3382 0.0301 0.0522
0 0.5377 0.4920 0.0228 0.0522
0 0.5382 0.2953 0.0247 0.0422
0 0.3135 0.2903 0.0227 0.0413
0 0.6737 0.3203 0.0314 0.0359
0 0.4206 0.2721 0.0181 0.0292
0 0.6106 0.2764 0.0272 0.0471
0 0.0148 0.3386 0.0333 0.0239
0 0.6036 0.2761 0.0327 0.0354
