0 0.3679 0.4859 0.0487 0.0474
0 0.2718 0.6219 0.0340 0.0673
0 0.6249 0.4072 0.0396 0.0537
0 0.3391 0.4499 0.0294 0.0648
0 0.3648 0.3513 0.0243 0.0585
0 0.4208 0.6138 0.0478 0.0379
0 0.8407 0.3765 0.0288 0.0541
0 0.4845 0.3113 0.0251 0.0491
0 0.5596 0.2579 0.0406 0.0472
0 0.3805 0.2638 0.0299 0.0507
0 0.2707 0.4460 0.0205 0.0647
0 0.6493 0.5689 0.0233 0.0649
0 0.3039 0.4212 0.0387 0.0351
0 0.5810 0.2976 0.0244 0.0450
0 0.6403 0.3384 0.0308 0.0537
0 0.3476 0.2760 0.0307 0.0357
0 0.4164 0.3897 0.0309 0.0649
0 0.5520 0.3491 0.0244 0.0531
0 0.5738 0.4566 0.0206 0.0550
0 0.8374 0.3458 0.0282 0.0461
0 0.7642 0.3508 0.0427 0.0548
0 0.7445 0.3325 0.0216 0.0475
0 0.4892 0.2734 0.0229 0.0329
0 0.3993 0.3502 0.0222 0.0459
0 0.5371 0.5046 0.0225 0.0638
0 0.4669 0.3563 0.0342 0.0505
0 0.6605 0.3321 0.0368 0.0503
0 0.6059 0.5115 0.0223 0.0527
0 0.5373 0.2988 0.0228 0.0461
0 0.4198 0.2740 0.0200 0.0297
0 0.3149 0.2893 0.0233 0.0398
0 0.4620 0.2815 0.0194 0.0354
0 0.0149 0.3385 0.0336 0.0237
0 0.6727 0.3208 0.0267 0.0355
