0 0.7974 0.3781 0.0321 0.0567
0 0.6852 0.3371 0.0264 0.0514
0 0.5279 0.3456 0.0260 0.0588
0 0.4553 0.3674 0.0459 0.0377
0 0.3322 0.2741 0.0281 0.0527
0 0.4849 0.3110 0.0261 0.0465
0 0.2885 0.4249 0.0390 0.0594
0 0.2665 0.6379 0.0365 0.0601
0 0.7433 0.3334 0.0181 0.0494
0 0.5426 0.2976 0.0264 0.0380
0 0.4030 0.3545 0.0219 0.0601
0 0.8283 0.3272 0.0204 0.0513
0 0.4410 0.2745 0.0393 0.0229
0 0.4873 0.2745 0.0297 0.0275
0 0.5726 0.3627 0.0426 0.0357
0 0.3831 0.2743 0.0211 0.0239
0 0.7704 0.2953 0.0422 0.0379
0 0.6448 0.3048 0.0371 0.0352
0 0.6126 0.2652 0.0203 0.0293
0 0.5157 0.2756 0.0209 0.0289
0 0.9313 0.7612 0.0274 0.0629
0 0.5484 0.2677 0.0201 0.0235
