0 0.6881 0.3421 0.0200 0.0517
0 0.7969 0.3337 0.0230 0.0563
0 0.4851 0.3103 0.0251 0.0492
0 0.7421 0.3318 0.0220 0.0521
0 0.5941 0.3296 0.0401 0.0394
0 0.4943 0.5557 0.0205 0.0666
0 0.5669 0.3751 0.0304 0.0505
0 0.2715 0.6502 0.0242 0.0635
0 0.5658 0.4313 0.0543 0.0332
0 0.3440 0.2656 0.0431 0.0409
0 0.8273 0.3305 0.0223 0.0513
0 0.4886 0.2720 0.0232 0.0271
0 0.5704 0.8050 0.0272 0.0903
0 0.8455 0.3056 0.0334 0.0348
0 0.5460 0.3018 0.0288 0.0469
0 0.6603 0.2940 0.0525 0.0331
0 0.4057 0.2892 0.0227 0.0435
0 0.2960 0.4248 0.0431 0.0532
0 0.5516 0.2699 0.0229 0.0260
0 0.3749 0.2718 0.0299 0.0333
0 0.9845 0.3608 0.0314 0.0647
0 0.5996 0.2785 0.0229 0.0409
0 0.4147 0.2808 0.0256 0.0349
0 0.7686 0.3283 0.0236 0.0419
0 0.5638 0.3270 0.0228 0.0529
0 0.5979 0.2881 0.0247 0.0436
