0 0.1848 0.9488 0.0247 0.0844
0 0.6882 0.3419 0.0201 0.0536
0 0.5547 0.7651 0.0287 0.0905
0 0.4852 0.3102 0.0237 0.0452
0 0.7915 0.3326 0.0340 0.0529
0 0.7430 0.3317 0.0233 0.0525
0 0.3404 0.2671 0.0342 0.0457
0 0.2708 0.6517 0.0226 0.0640
0 0.2978 0.4235 0.0255 0.0665
0 0.4952 0.5575 0.0211 0.0680
0 0.5434 0.2987 0.0294 0.0402
0 0.8270 0.3297 0.0229 0.0512
0 0.5693 0.4335 0.0562 0.0290
0 0.4898 0.2716 0.0214 0.0273
0 0.8491 0.3051 0.0341 0.0364
0 0.5636 0.3704 0.0284 0.0508
0 0.6711 0.2920 0.0625 0.0303
0 0.3734 0.2746 0.0295 0.0335
0 0.5887 0.3133 0.0253 0.0627
0 0.9873 0.3738 0.0248 0.0661
0 0.5965 0.3261 0.0411 0.0477
0 0.5594 0.3487 0.0216 0.0614
0 0.4104 0.2817 0.0278 0.0394
0 0.5508 0.2676 0.0220 0.0231
0 0.1368 0.9846 0.0314 0.0326
0 0.6010 0.2725 0.0235 0.0284
0 0.7746 0.3298 0.0316 0.0455
