0 0.2095 0.8748 0.0287 0.0818
0 0.6880 0.3413 0.0204 0.0519
0 0.4852 0.3100 0.0236 0.0445
0 0.5496 0.7312 0.0234 0.0893
0 0.7434 0.3310 0.0242 0.0517
0 0.2889 0.4104 0.0423 0.0711
0 0.2706 0.6513 0.0220 0.0653
0 0.5760 0.4354 0.0533 0.0299
0 0.3403 0.2629 0.0376 0.0470
0 0.5428 0.3002 0.0245 0.0424
0 0.8276 0.3296 0.0224 0.0505
0 0.4969 0.5593 0.0268 0.0681
0 0.7898 0.3317 0.0405 0.0464
0 0.5521 0.3455 0.0244 0.0513
0 0.5639 0.3767 0.0320 0.0462
0 0.4902 0.2717 0.0213 0.0272
0 0.3747 0.2797 0.0280 0.0386
0 0.8497 0.3054 0.0348 0.0367
0 0.5930 0.2992 0.0308 0.0453
0 0.6720 0.2918 0.0571 0.0336
0 0.6124 0.3340 0.0319 0.0524
0 0.4139 0.2814 0.0279 0.0393
0 0.5996 0.3321 0.0435 0.0422
0 0.9676 0.3897 0.0296 0.0573
0 0.5510 0.2673 0.0225 0.0232
0 0.7796 0.3303 0.0355 0.0456
