0 0.6874 0.3407 0.0226 0.0549
0 0.4860 0.3094 0.0250 0.0440
0 0.5802 0.4365 0.0548 0.0294
0 0.2959 0.4206 0.0540 0.0407
0 0.7424 0.3318 0.0226 0.0512
0 0.5512 0.7092 0.0258 0.0826
0 0.5427 0.3000 0.0272 0.0387
0 0.5634 0.3788 0.0336 0.0422
0 0.9358 0.4004 0.0400 0.0535
0 0.2708 0.6515 0.0225 0.0655
0 0.3443 0.2648 0.0490 0.0414
0 0.8275 0.3291 0.0233 0.0517
0 0.5916 0.2989 0.0313 0.0443
0 0.4902 0.2715 0.0219 0.0277
0 0.6536 0.3285 0.0266 0.0578
0 0.8486 0.3060 0.0391 0.0363
0 0.3108 0.3877 0.0499 0.0300
0 0.4123 0.2811 0.0259 0.0367
0 0.6056 0.3307 0.0505 0.0380
0 0.4986 0.5629 0.0296 0.0665
0 0.7882 0.3314 0.0421 0.0483
0 0.6646 0.2954 0.0427 0.0396
0 0.3822 0.2899 0.0215 0.0403
0 0.2524 0.8157 0.0213 0.0821
0 0.5505 0.2680 0.0232 0.0225
0 0.5202 0.3549 0.0295 0.0454
0 0.6839 0.2902 0.0541 0.0285
0 0.3274 0.2906 0.0413 0.0328
0 0.3663 0.2755 0.0258 0.0391
