0 0.4852 0.3097 0.0254 0.0422
0 0.2736 0.7602 0.0299 0.0731
0 0.5847 0.4369 0.0514 0.0295
0 0.3453 0.2631 0.0505 0.0389
0 0.2940 0.4202 0.0521 0.0384
0 0.5434 0.6865 0.0314 0.0844
0 0.5900 0.3060 0.0372 0.0434
0 0.2712 0.6517 0.0236 0.0663
0 0.8275 0.3294 0.0245 0.0492
0 0.5434 0.2992 0.0276 0.0400
0 0.7434 0.3317 0.0225 0.0510
0 0.9256 0.4166 0.0408 0.0482
0 0.5636 0.3795 0.0311 0.0421
0 0.4696 0.3638 0.0236 0.0572
0 0.6813 0.3402 0.0326 0.0586
0 0.6103 0.3368 0.0511 0.0349
0 0.4905 0.2720 0.0218 0.0278
0 0.4144 0.2808 0.0286 0.0334
0 0.3827 0.2938 0.0199 0.0454
0 0.8499 0.3051 0.0381 0.0341
0 0.4987 0.5637 0.0300 0.0640
0 0.7875 0.3327 0.0392 0.0463
0 0.6816 0.2901 0.0522 0.0401
0 0.5502 0.2672 0.0226 0.0225
0 0.3238 0.3947 0.0422 0.0417
0 0.3286 0.2899 0.0367 0.0331
