0 0.5163 0.6679 0.0329 0.0714
0 0.5887 0.4376 0.0495 0.0291
0 0.5859 0.3105 0.0440 0.0438
0 0.7433 0.3306 0.0234 0.0516
0 0.8270 0.3290 0.0235 0.0510
0 0.6180 0.3364 0.0481 0.0306
0 0.5432 0.2985 0.0264 0.0401
0 0.6908 0.3665 0.0229 0.0818
0 0.5634 0.3810 0.0292 0.0393
0 0.3818 0.3026 0.0198 0.0549
0 0.3043 0.4132 0.0692 0.0513
0 0.9238 0.4222 0.0300 0.0621
0 0.3477 0.2649 0.0506 0.0407
0 0.4855 0.3083 0.0253 0.0414
0 0.4896 0.2723 0.0219 0.0272
0 0.4148 0.2787 0.0266 0.0294
0 0.6828 0.2902 0.0547 0.0380
0 0.2715 0.6830 0.0288 0.1002
0 0.4225 0.3590 0.0360 0.0547
0 0.4986 0.5618 0.0307 0.0615
0 0.7872 0.3335 0.0386 0.0447
0 0.5500 0.2659 0.0223 0.0222
0 0.8536 0.3079 0.0410 0.0320
0 0.6896 0.3367 0.0252 0.0479
0 0.3286 0.2894 0.0429 0.0326
0 0.3136 0.2826 0.0260 0.0348
