0 0.8270 0.3294 0.0243 0.0515
0 0.5937 0.4381 0.0510 0.0286
0 0.5804 0.3165 0.0431 0.0410
0 0.6882 0.3417 0.0208 0.0526
0 0.6242 0.3386 0.0461 0.0279
0 0.7090 0.3976 0.0303 0.0748
0 0.3817 0.3056 0.0228 0.0573
0 0.5626 0.3825 0.0276 0.0429
0 0.7429 0.3303 0.0237 0.0515
0 0.4857 0.3087 0.0242 0.0427
0 0.5410 0.2986 0.0272 0.0395
0 0.4846 0.6461 0.0333 0.0742
0 0.2731 0.6501 0.0254 0.0723
0 0.9025 0.3952 0.0318 0.0582
0 0.3497 0.2618 0.0444 0.0427
0 0.4898 0.2722 0.0226 0.0275
0 0.4109 0.3597 0.0456 0.0402
0 0.4977 0.5593 0.0303 0.0660
0 0.6869 0.2903 0.0495 0.0372
0 0.4172 0.2766 0.0256 0.0258
0 0.7822 0.3331 0.0425 0.0456
0 0.3134 0.4117 0.0630 0.0496
0 0.2459 0.6362 0.0214 0.0694
0 0.8615 0.3055 0.0373 0.0273
0 0.3134 0.2827 0.0241 0.0371
0 0.5492 0.2647 0.0216 0.0223
0 0.3288 0.2892 0.0409 0.0326
