0 0.7198 0.4078 0.0287 0.0702
0 0.4491 0.6248 0.0269 0.0746
0 0.5968 0.4370 0.0525 0.0289
0 0.6286 0.3421 0.0468 0.0298
0 0.2724 0.6519 0.0266 0.0683
0 0.8264 0.3287 0.0243 0.0514
0 0.9006 0.3741 0.0345 0.0524
0 0.2397 0.5865 0.0210 0.0809
0 0.6893 0.3413 0.0216 0.0521
0 0.5434 0.2991 0.0269 0.0394
0 0.4856 0.3091 0.0242 0.0416
0 0.7427 0.3310 0.0225 0.0530
0 0.5624 0.3824 0.0295 0.0397
0 0.3797 0.3142 0.0206 0.0481
0 0.8672 0.3085 0.0412 0.0287
0 0.3489 0.2608 0.0418 0.0455
0 0.4907 0.2722 0.0206 0.0280
0 0.4136 0.2754 0.0269 0.0259
0 0.7817 0.3340 0.0435 0.0465
0 0.5755 0.3255 0.0435 0.0371
0 0.3248 0.4020 0.0400 0.0467
0 0.4978 0.5572 0.0272 0.0646
0 0.2900 0.4223 0.0486 0.0431
0 0.6862 0.2905 0.0484 0.0359
0 0.5513 0.2659 0.0196 0.0215
0 0.3127 0.2828 0.0235 0.0373
0 0.4540 0.3902 0.0379 0.0285
0 0.3283 0.2892 0.0366 0.0309
