0 0.7215 0.4202 0.0325 0.0674
0 0.2719 0.6509 0.0305 0.0663
0 0.4226 0.5945 0.0257 0.0705
0 0.5622 0.3841 0.0297 0.0433
0 0.6901 0.3421 0.0209 0.0562
0 0.6009 0.4358 0.0570 0.0278
0 0.6326 0.3426 0.0487 0.0300
0 0.9195 0.3718 0.0285 0.0556
0 0.8263 0.3291 0.0254 0.0513
0 0.5428 0.2996 0.0267 0.0400
0 0.4852 0.3088 0.0238 0.0425
0 0.8701 0.3097 0.0460 0.0313
0 0.3486 0.2582 0.0475 0.0355
0 0.3268 0.4054 0.0322 0.0555
0 0.2516 0.5490 0.0235 0.0729
0 0.7419 0.3317 0.0229 0.0534
0 0.4132 0.2746 0.0253 0.0271
0 0.4947 0.4132 0.0166 0.0497
0 0.6860 0.2917 0.0503 0.0330
0 0.5742 0.3303 0.0454 0.0348
0 0.4908 0.2722 0.0213 0.0282
0 0.3762 0.3255 0.0234 0.0530
0 0.4981 0.5570 0.0249 0.0646
0 0.7806 0.3335 0.0447 0.0471
0 0.9074 0.8857 0.0374 0.0594
0 0.2888 0.4239 0.0442 0.0392
0 0.3173 0.2887 0.0306 0.0395
0 0.3263 0.2899 0.0389 0.0319
0 0.5502 0.2638 0.0212 0.0209
0 0.0072 0.3389 0.0183 0.0267
