0 0.4049 0.5545 0.0301 0.0738
0 0.2663 0.5068 0.0285 0.0640
0 0.6369 0.3442 0.0545 0.0314
0 0.2714 0.6498 0.0355 0.0625
0 0.6905 0.3423 0.0202 0.0558
0 0.8265 0.3293 0.0249 0.0504
0 0.9174 0.3678 0.0298 0.0625
0 0.4854 0.3089 0.0236 0.0414
0 0.5430 0.2994 0.0251 0.0409
0 0.5620 0.3876 0.0300 0.0482
0 0.8753 0.3115 0.0426 0.0307
0 0.5666 0.3354 0.0440 0.0366
0 0.7416 0.3325 0.0228 0.0532
0 0.3264 0.4011 0.0258 0.0560
0 0.3476 0.2576 0.0452 0.0391
0 0.7251 0.4299 0.0357 0.0620
0 0.6045 0.4341 0.0533 0.0296
0 0.4908 0.2725 0.0215 0.0282
0 0.4113 0.2735 0.0266 0.0264
0 0.3773 0.3369 0.0237 0.0482
0 0.4981 0.5585 0.0257 0.0645
0 0.2884 0.4245 0.0502 0.0336
0 0.5161 0.4301 0.0389 0.0486
0 0.6959 0.2948 0.0399 0.0333
0 0.7813 0.3349 0.0406 0.0482
0 0.3170 0.2905 0.0317 0.0388
0 0.3667 0.2705 0.0315 0.0359
0 0.8145 0.9520 0.0531 0.0541
0 0.3255 0.2911 0.0390 0.0330
0 0.5502 0.2638 0.0215 0.0208
0 0.0068 0.3392 0.0177 0.0270
