0 0.7967 0.3746 0.0328 0.0579
0 0.6876 0.3376 0.0273 0.0531
0 0.5266 0.3462 0.0227 0.0583
0 0.4043 0.3494 0.0211 0.0602
0 0.4571 0.3739 0.0460 0.0379
0 0.2887 0.4249 0.0385 0.0593
0 0.3312 0.2720 0.0275 0.0510
0 0.4854 0.3108 0.0257 0.0463
0 0.5432 0.2966 0.0249 0.0375
0 0.7436 0.3324 0.0174 0.0510
0 0.8282 0.3272 0.0206 0.0517
0 0.4412 0.2743 0.0419 0.0224
0 0.4882 0.2754 0.0278 0.0293
0 0.2655 0.6394 0.0340 0.0593
0 0.9090 0.7425 0.0260 0.0726
0 0.5727 0.3622 0.0424 0.0362
0 0.6458 0.3043 0.0400 0.0300
0 0.3846 0.2752 0.0209 0.0237
0 0.5176 0.2795 0.0200 0.0343
0 0.7816 0.3300 0.0187 0.0484
0 0.6133 0.2658 0.0208 0.0299
0 0.7724 0.2939 0.0340 0.0324
0 0.5486 0.2671 0.0202 0.0245
