0 0.3799 0.5148 0.0330 0.0654
0 0.6910 0.3425 0.0212 0.0527
0 0.5598 0.3395 0.0371 0.0381
0 0.9189 0.3661 0.0306 0.0623
0 0.8264 0.3291 0.0252 0.0504
0 0.2895 0.4753 0.0281 0.0645
0 0.2711 0.6491 0.0363 0.0624
0 0.5436 0.3001 0.0255 0.0412
0 0.4852 0.3089 0.0225 0.0417
0 0.3464 0.2594 0.0443 0.0388
0 0.5153 0.4330 0.0326 0.0588
0 0.3284 0.3894 0.0268 0.0554
0 0.8785 0.3118 0.0401 0.0309
0 0.5631 0.3888 0.0348 0.0506
0 0.7426 0.3316 0.0248 0.0539
0 0.3752 0.3453 0.0185 0.0503
0 0.7520 0.4260 0.0426 0.0545
0 0.4903 0.2728 0.0211 0.0281
0 0.4149 0.2740 0.0244 0.0253
0 0.6415 0.3476 0.0477 0.0356
0 0.2885 0.4231 0.0479 0.0345
0 0.6057 0.4330 0.0493 0.0325
0 0.6879 0.2942 0.0525 0.0299
0 0.7874 0.3380 0.0269 0.0565
0 0.4987 0.5584 0.0283 0.0614
0 0.7755 0.3357 0.0364 0.0501
0 0.3190 0.2921 0.0276 0.0423
0 0.5498 0.2647 0.0207 0.0212
