0 0.3280 0.3804 0.0275 0.0560
0 0.7922 0.4345 0.0445 0.0538
0 0.9203 0.3667 0.0271 0.0642
0 0.8262 0.3292 0.0263 0.0506
0 0.5511 0.3486 0.0382 0.0360
0 0.6911 0.3414 0.0217 0.0540
0 0.3460 0.4921 0.0214 0.0723
0 0.4854 0.3086 0.0216 0.0412
0 0.5433 0.2999 0.0267 0.0388
0 0.2711 0.6483 0.0358 0.0605
0 0.6107 0.4307 0.0456 0.0409
0 0.2959 0.4397 0.0266 0.0680
0 0.7432 0.3308 0.0246 0.0551
0 0.5129 0.4312 0.0271 0.0638
0 0.4904 0.2729 0.0208 0.0284
0 0.5632 0.3911 0.0385 0.0502
0 0.7882 0.3356 0.0258 0.0588
0 0.3733 0.3525 0.0203 0.0480
0 0.6465 0.3490 0.0506 0.0331
0 0.6958 0.2978 0.0465 0.0347
0 0.4177 0.2734 0.0267 0.0252
0 0.8818 0.3102 0.0394 0.0305
0 0.3492 0.2612 0.0439 0.0400
0 0.4986 0.5580 0.0283 0.0637
0 0.7606 0.3292 0.0301 0.0518
0 0.3230 0.3047 0.0219 0.0489
0 0.2825 0.4219 0.0416 0.0374
0 0.3623 0.2766 0.0313 0.0314
0 0.5493 0.2655 0.0201 0.0213
0 0.0072 0.3391 0.0184 0.0271
0 0.4302 0.2742 0.0164 0.0274
