0 0.6914 0.3418 0.0205 0.0541
0 0.8322 0.4590 0.0491 0.0442
0 0.5119 0.4224 0.0236 0.0605
0 0.4855 0.3087 0.0215 0.0414
0 0.9202 0.3658 0.0231 0.0646
0 0.2732 0.6488 0.0393 0.0560
0 0.7904 0.3353 0.0208 0.0564
0 0.8261 0.3288 0.0254 0.0508
0 0.5431 0.2996 0.0281 0.0375
0 0.6157 0.4255 0.0440 0.0459
0 0.3308 0.3724 0.0272 0.0499
0 0.5476 0.3503 0.0427 0.0316
0 0.2893 0.4152 0.0364 0.0635
0 0.3320 0.4680 0.0214 0.0697
0 0.7420 0.3321 0.0232 0.0533
0 0.6475 0.3506 0.0517 0.0327
0 0.3468 0.2599 0.0374 0.0465
0 0.4907 0.2726 0.0210 0.0278
0 0.5604 0.3958 0.0425 0.0410
0 0.4979 0.5571 0.0281 0.0644
0 0.6978 0.2950 0.0494 0.0307
0 0.4206 0.2728 0.0280 0.0252
0 0.8854 0.3107 0.0411 0.0318
0 0.7602 0.3275 0.0256 0.0497
0 0.3638 0.2757 0.0287 0.0337
0 0.3726 0.3592 0.0208 0.0461
0 0.3237 0.3072 0.0259 0.0565
0 0.3228 0.3247 0.0217 0.0539
0 0.5491 0.2667 0.0200 0.0213
