0 0.6209 0.4206 0.0449 0.0489
0 0.6914 0.3433 0.0201 0.0547
0 0.5142 0.4132 0.0219 0.0617
0 0.3343 0.4406 0.0218 0.0685
0 0.4854 0.3089 0.0212 0.0428
0 0.2735 0.6493 0.0412 0.0538
0 0.9201 0.3645 0.0202 0.0588
0 0.5429 0.3004 0.0283 0.0371
0 0.8261 0.3288 0.0244 0.0507
0 0.7899 0.3340 0.0208 0.0560
0 0.3354 0.3701 0.0228 0.0523
0 0.6499 0.3541 0.0493 0.0383
0 0.5589 0.3967 0.0406 0.0413
0 0.7423 0.3305 0.0226 0.0572
0 0.3757 0.3617 0.0257 0.0497
0 0.2899 0.4191 0.0419 0.0496
0 0.4902 0.2728 0.0210 0.0276
0 0.3466 0.2567 0.0427 0.0427
0 0.6995 0.2935 0.0516 0.0302
0 0.8899 0.3110 0.0357 0.0339
0 0.2951 0.3843 0.0326 0.0445
0 0.4983 0.5587 0.0263 0.0606
0 0.5401 0.3542 0.0480 0.0297
0 0.4226 0.2731 0.0266 0.0249
0 0.8700 0.5199 0.0603 0.0489
0 0.3199 0.3283 0.0221 0.0423
0 0.7617 0.3267 0.0245 0.0511
0 0.3651 0.2753 0.0289 0.0316
0 0.5494 0.2650 0.0203 0.0204
0 0.3261 0.2910 0.0296 0.0369
0 0.3175 0.2976 0.0227 0.0551
0 0.4300 0.2733 0.0183 0.0263
