0 0.6235 0.4190 0.0437 0.0477
0 0.5136 0.4055 0.0226 0.0624
0 0.6916 0.3430 0.0211 0.0534
0 0.4853 0.3090 0.0214 0.0432
0 0.2741 0.6497 0.0411 0.0528
0 0.8260 0.3287 0.0243 0.0489
0 0.3362 0.3701 0.0249 0.0565
0 0.7895 0.3340 0.0199 0.0517
0 0.5425 0.3010 0.0289 0.0369
0 0.2914 0.4219 0.0498 0.0429
0 0.7417 0.3322 0.0209 0.0535
0 0.9202 0.3611 0.0209 0.0566
0 0.3604 0.4124 0.0280 0.0644
0 0.4896 0.2727 0.0208 0.0274
0 0.6525 0.3594 0.0452 0.0440
0 0.3462 0.2608 0.0417 0.0411
0 0.7040 0.2927 0.0521 0.0302
0 0.3756 0.3628 0.0262 0.0389
0 0.5555 0.3954 0.0341 0.0455
0 0.8898 0.3109 0.0359 0.0351
0 0.4211 0.2729 0.0234 0.0241
0 0.4985 0.5594 0.0257 0.0591
0 0.5502 0.2678 0.0190 0.0222
0 0.3184 0.3047 0.0254 0.0556
0 0.3110 0.3868 0.0328 0.0438
0 0.5374 0.3534 0.0437 0.0286
0 0.7537 0.3137 0.0228 0.0425
0 0.3625 0.2763 0.0280 0.0298
0 0.3234 0.3253 0.0300 0.0399
