0 0.6270 0.4174 0.0386 0.0496
0 0.6909 0.3436 0.0201 0.0554
0 0.4848 0.3088 0.0214 0.0443
0 0.6532 0.3634 0.0422 0.0491
0 0.2742 0.6511 0.0428 0.0526
0 0.5114 0.3988 0.0235 0.0567
0 0.7893 0.3332 0.0220 0.0508
0 0.3830 0.3837 0.0302 0.0597
0 0.8258 0.3286 0.0239 0.0487
0 0.2887 0.4230 0.0454 0.0423
0 0.5425 0.3002 0.0287 0.0355
0 0.5575 0.3966 0.0294 0.0483
0 0.3457 0.2566 0.0475 0.0347
0 0.7041 0.2907 0.0586 0.0300
0 0.7419 0.3312 0.0219 0.0549
0 0.4899 0.2725 0.0209 0.0276
0 0.3386 0.3686 0.0305 0.0522
0 0.9212 0.3590 0.0229 0.0574
0 0.8900 0.3092 0.0340 0.0385
0 0.3387 0.4013 0.0316 0.0557
0 0.4984 0.5585 0.0257 0.0587
0 0.4238 0.2735 0.0238 0.0240
0 0.5289 0.3597 0.0540 0.0335
0 0.5503 0.2679 0.0191 0.0222
0 0.3237 0.3281 0.0312 0.0378
0 0.7533 0.3118 0.0243 0.0509
0 0.3670 0.2712 0.0293 0.0272
0 0.6175 0.2688 0.0198 0.0311
0 0.3278 0.2911 0.0368 0.0336
0 0.0073 0.3394 0.0187 0.0273
