0 0.6311 0.4136 0.0375 0.0487
0 0.2744 0.6515 0.0423 0.0538
0 0.6543 0.3667 0.0367 0.0518
0 0.6908 0.3437 0.0225 0.0510
0 0.4844 0.3097 0.0219 0.0460
0 0.7913 0.3327 0.0213 0.0495
0 0.5573 0.3981 0.0261 0.0482
0 0.5421 0.3007 0.0290 0.0355
0 0.8261 0.3285 0.0242 0.0487
0 0.2885 0.4236 0.0453 0.0449
0 0.7408 0.3333 0.0203 0.0544
0 0.3458 0.2568 0.0494 0.0353
0 0.4039 0.3767 0.0310 0.0591
0 0.4904 0.2723 0.0217 0.0281
0 0.3431 0.3688 0.0277 0.0604
0 0.5109 0.3947 0.0232 0.0572
0 0.3830 0.3828 0.0425 0.0468
0 0.4982 0.5579 0.0276 0.0619
0 0.8906 0.3098 0.0363 0.0402
0 0.9223 0.3555 0.0206 0.0576
0 0.5116 0.3799 0.0274 0.0555
0 0.3426 0.3988 0.0265 0.0506
0 0.7531 0.3034 0.0249 0.0473
0 0.5299 0.3553 0.0465 0.0305
0 0.3313 0.3373 0.0323 0.0386
0 0.3201 0.3280 0.0234 0.0436
0 0.4305 0.2726 0.0194 0.0275
0 0.7358 0.2948 0.0534 0.0289
0 0.5503 0.2643 0.0204 0.0197
0 0.3680 0.2702 0.0296 0.0302
0 0.7085 0.2902 0.0635 0.0256
