0 0.2733 0.6525 0.0419 0.0549
0 0.6344 0.4125 0.0376 0.0484
0 0.6906 0.3431 0.0222 0.0543
0 0.6576 0.3712 0.0363 0.0505
0 0.4846 0.3095 0.0216 0.0447
0 0.7905 0.3326 0.0231 0.0509
0 0.5106 0.3887 0.0224 0.0572
0 0.8263 0.3289 0.0243 0.0496
0 0.2886 0.4234 0.0456 0.0459
0 0.4052 0.3693 0.0355 0.0423
0 0.5419 0.3008 0.0290 0.0357
0 0.3469 0.2577 0.0509 0.0369
0 0.7417 0.3332 0.0206 0.0518
0 0.5560 0.3984 0.0234 0.0482
0 0.3435 0.3796 0.0260 0.0779
0 0.9220 0.3544 0.0215 0.0592
0 0.4903 0.2724 0.0216 0.0279
0 0.4983 0.5580 0.0268 0.0632
0 0.8906 0.3090 0.0374 0.0406
0 0.3183 0.3292 0.0241 0.0471
0 0.5319 0.3537 0.0465 0.0307
0 0.3758 0.3911 0.0318 0.0444
0 0.5504 0.2666 0.0193 0.0218
0 0.7231 0.2962 0.0753 0.0270
0 0.4308 0.2729 0.0200 0.0272
0 0.7101 0.2923 0.0684 0.0245
0 0.3419 0.3468 0.0270 0.0400
0 0.7541 0.3063 0.0267 0.0422
0 0.3685 0.2758 0.0310 0.0320
