0 0.2739 0.6527 0.0407 0.0548
0 0.6347 0.4125 0.0414 0.0459
0 0.6900 0.3437 0.0246 0.0543
0 0.6599 0.3759 0.0351 0.0514
0 0.5110 0.3852 0.0235 0.0575
0 0.3455 0.2588 0.0502 0.0400
0 0.4846 0.3091 0.0214 0.0458
0 0.2887 0.4227 0.0466 0.0453
0 0.8263 0.3288 0.0239 0.0488
0 0.9215 0.3528 0.0213 0.0614
0 0.5422 0.3005 0.0286 0.0369
0 0.7410 0.3335 0.0192 0.0510
0 0.3441 0.3484 0.0304 0.0449
0 0.5559 0.3985 0.0216 0.0484
0 0.7881 0.3332 0.0200 0.0505
0 0.3787 0.3960 0.0404 0.0458
0 0.4894 0.2727 0.0208 0.0280
0 0.3979 0.3667 0.0455 0.0341
0 0.3174 0.3285 0.0252 0.0455
0 0.4984 0.5584 0.0271 0.0635
0 0.7268 0.2937 0.0628 0.0280
0 0.3468 0.3885 0.0319 0.0655
0 0.8906 0.3079 0.0378 0.0368
0 0.5319 0.3536 0.0461 0.0340
0 0.4307 0.2729 0.0200 0.0273
0 0.5504 0.2664 0.0190 0.0219
0 0.7539 0.3049 0.0260 0.0454
0 0.3702 0.2772 0.0302 0.0323
0 0.6169 0.2673 0.0185 0.0298
