0 0.2738 0.6528 0.0405 0.0551
0 0.5101 0.3776 0.0244 0.0614
0 0.6903 0.3443 0.0242 0.0546
0 0.6352 0.4121 0.0431 0.0456
0 0.2891 0.4227 0.0472 0.0443
0 0.4845 0.3091 0.0215 0.0461
0 0.6580 0.3782 0.0305 0.0538
0 0.8263 0.3285 0.0241 0.0490
0 0.7413 0.3340 0.0192 0.0506
0 0.5426 0.3002 0.0288 0.0357
0 0.3451 0.3473 0.0297 0.0472
0 0.3468 0.2571 0.0514 0.0403
0 0.5572 0.4019 0.0200 0.0501
0 0.9217 0.3540 0.0219 0.0585
0 0.7876 0.3332 0.0210 0.0522
0 0.3780 0.4001 0.0347 0.0433
0 0.3166 0.3306 0.0228 0.0509
0 0.4897 0.2726 0.0208 0.0283
0 0.3475 0.3882 0.0327 0.0647
0 0.4986 0.5587 0.0266 0.0622
0 0.7321 0.2939 0.0522 0.0302
0 0.3947 0.3670 0.0405 0.0372
0 0.8949 0.3080 0.0399 0.0341
0 0.4307 0.2737 0.0198 0.0290
0 0.5503 0.2667 0.0189 0.0220
0 0.3698 0.2781 0.0291 0.0336
0 0.5332 0.3528 0.0444 0.0412
0 0.7532 0.3018 0.0282 0.0430
0 0.7102 0.2903 0.0588 0.0267
