0 0.8007 0.3758 0.0252 0.0573
0 0.4037 0.3450 0.0218 0.0581
0 0.5271 0.3457 0.0230 0.0607
0 0.3314 0.2733 0.0308 0.0544
0 0.4853 0.3109 0.0250 0.0461
0 0.6860 0.3395 0.0239 0.0569
0 0.4593 0.3750 0.0435 0.0405
0 0.2884 0.4249 0.0380 0.0599
0 0.5437 0.2981 0.0229 0.0403
0 0.5735 0.3614 0.0418 0.0360
0 0.4391 0.2739 0.0374 0.0227
0 0.7439 0.3329 0.0179 0.0517
0 0.8283 0.3270 0.0200 0.0516
0 0.8598 0.7379 0.0321 0.0714
0 0.2675 0.6400 0.0382 0.0592
0 0.4881 0.2739 0.0281 0.0275
0 0.7793 0.2979 0.0287 0.0381
0 0.6507 0.3089 0.0354 0.0281
0 0.6131 0.2737 0.0223 0.0420
0 0.5167 0.2810 0.0213 0.0369
0 0.7827 0.3318 0.0168 0.0492
0 0.3828 0.2744 0.0209 0.0235
0 0.5482 0.2681 0.0197 0.0253
0 0.6475 0.2607 0.0281 0.0679
