0 0.2736 0.6533 0.0403 0.0563
0 0.5086 0.3778 0.0245 0.0565
0 0.6903 0.3439 0.0249 0.0551
0 0.6341 0.4121 0.0408 0.0466
0 0.2899 0.4227 0.0474 0.0426
0 0.4850 0.3098 0.0209 0.0443
0 0.6602 0.3808 0.0332 0.0551
0 0.8265 0.3291 0.0240 0.0482
0 0.9198 0.3521 0.0256 0.0564
0 0.3460 0.3413 0.0263 0.0469
0 0.7422 0.3348 0.0204 0.0500
0 0.3773 0.4055 0.0306 0.0487
0 0.5421 0.3005 0.0296 0.0350
0 0.3477 0.2571 0.0445 0.0386
0 0.3169 0.3308 0.0232 0.0519
0 0.3469 0.3892 0.0340 0.0551
0 0.5573 0.4041 0.0189 0.0530
0 0.7883 0.3320 0.0209 0.0473
0 0.4893 0.2725 0.0214 0.0273
0 0.3907 0.3679 0.0396 0.0418
0 0.7361 0.2948 0.0571 0.0286
0 0.4982 0.5564 0.0293 0.0668
0 0.8908 0.3091 0.0371 0.0364
0 0.9309 0.5944 0.0305 0.0678
0 0.3734 0.2785 0.0267 0.0341
0 0.4305 0.2729 0.0199 0.0265
0 0.5337 0.3526 0.0454 0.0409
0 0.5496 0.2665 0.0190 0.0217
0 0.0058 0.3396 0.0161 0.0277
