0 0.5066 0.3755 0.0228 0.0588
0 0.2730 0.6532 0.0400 0.0563
0 0.3786 0.4097 0.0300 0.0485
0 0.6329 0.4117 0.0393 0.0464
0 0.6911 0.3442 0.0242 0.0537
0 0.6601 0.3808 0.0336 0.0563
0 0.2900 0.4229 0.0459 0.0420
0 0.8269 0.3293 0.0237 0.0497
0 0.9195 0.3513 0.0234 0.0551
0 0.4855 0.3095 0.0209 0.0428
0 0.7420 0.3344 0.0204 0.0497
0 0.3470 0.2565 0.0510 0.0364
0 0.5424 0.3003 0.0289 0.0352
0 0.3457 0.3313 0.0263 0.0489
0 0.3895 0.3659 0.0415 0.0434
0 0.3476 0.3888 0.0316 0.0552
0 0.3164 0.3297 0.0218 0.0485
0 0.5576 0.4050 0.0175 0.0545
0 0.4895 0.2726 0.0217 0.0277
0 0.9188 0.5784 0.0347 0.0651
0 0.7350 0.2917 0.0605 0.0268
0 0.4981 0.5555 0.0295 0.0658
0 0.7848 0.3370 0.0211 0.0505
0 0.8953 0.3089 0.0397 0.0342
0 0.3745 0.2811 0.0270 0.0367
0 0.5340 0.3527 0.0438 0.0413
0 0.4305 0.2730 0.0198 0.0271
0 0.5498 0.2661 0.0190 0.0218
0 0.7534 0.2968 0.0310 0.0370
0 0.0059 0.3396 0.0162 0.0277
