0 0.6321 0.4123 0.0377 0.0496
0 0.6900 0.3458 0.0308 0.0487
0 0.6619 0.3814 0.0320 0.0570
0 0.5050 0.3711 0.0207 0.0622
0 0.8275 0.3297 0.0239 0.0512
0 0.2901 0.4222 0.0464 0.0402
0 0.3789 0.4100 0.0309 0.0468
0 0.2734 0.6546 0.0386 0.0598
0 0.3477 0.2586 0.0472 0.0392
0 0.4854 0.3095 0.0210 0.0426
0 0.3487 0.3858 0.0300 0.0573
0 0.5580 0.4087 0.0185 0.0541
0 0.5427 0.3002 0.0294 0.0343
0 0.9188 0.3526 0.0236 0.0570
0 0.7416 0.3343 0.0198 0.0477
0 0.3161 0.3311 0.0209 0.0505
0 0.3894 0.3656 0.0385 0.0393
0 0.4892 0.2728 0.0211 0.0281
0 0.7839 0.3378 0.0218 0.0507
0 0.3445 0.3164 0.0233 0.0557
0 0.4984 0.5571 0.0291 0.0656
0 0.9076 0.5769 0.0352 0.0601
0 0.8906 0.3116 0.0365 0.0352
0 0.7404 0.2922 0.0529 0.0295
0 0.3777 0.2831 0.0236 0.0410
0 0.5339 0.3511 0.0412 0.0469
0 0.7528 0.2976 0.0361 0.0392
0 0.4302 0.2729 0.0190 0.0270
0 0.5499 0.2662 0.0187 0.0222
