0 0.6314 0.4131 0.0344 0.0514
0 0.6901 0.3491 0.0298 0.0502
0 0.2731 0.6544 0.0366 0.0612
0 0.2909 0.4224 0.0481 0.0375
0 0.3497 0.3808 0.0325 0.0576
0 0.8274 0.3297 0.0239 0.0498
0 0.6611 0.3848 0.0281 0.0572
0 0.3890 0.3640 0.0384 0.0525
0 0.3476 0.3119 0.0247 0.0527
0 0.3763 0.4143 0.0278 0.0477
0 0.4853 0.3097 0.0212 0.0433
0 0.7827 0.3375 0.0245 0.0531
0 0.3484 0.2574 0.0483 0.0416
0 0.5424 0.3000 0.0277 0.0360
0 0.5572 0.4108 0.0180 0.0535
0 0.7420 0.3334 0.0206 0.0484
0 0.3130 0.3330 0.0198 0.0506
0 0.9186 0.3535 0.0241 0.0518
0 0.5050 0.3636 0.0218 0.0537
0 0.3799 0.2893 0.0226 0.0403
0 0.4973 0.5572 0.0332 0.0660
0 0.4877 0.2729 0.0205 0.0278
0 0.8978 0.5752 0.0394 0.0539
0 0.7364 0.2902 0.0426 0.0309
0 0.8958 0.3117 0.0411 0.0335
0 0.5309 0.3524 0.0487 0.0468
0 0.4302 0.2721 0.0191 0.0262
0 0.5496 0.2661 0.0188 0.0219
