0 0.6907 0.3485 0.0299 0.0500
0 0.3458 0.3125 0.0247 0.0478
0 0.6307 0.4136 0.0349 0.0515
0 0.2725 0.6551 0.0366 0.0603
0 0.2914 0.4225 0.0481 0.0367
0 0.3508 0.3782 0.0300 0.0532
0 0.8276 0.3301 0.0241 0.0506
0 0.4852 0.3101 0.0213 0.0437
0 0.3874 0.3622 0.0395 0.0541
0 0.7809 0.3385 0.0290 0.0491
0 0.3813 0.2913 0.0224 0.0411
0 0.3473 0.2582 0.0479 0.0447
0 0.5567 0.4109 0.0189 0.0534
0 0.5427 0.3004 0.0287 0.0365
0 0.3097 0.3387 0.0217 0.0497
0 0.7423 0.3337 0.0208 0.0507
0 0.9200 0.3535 0.0235 0.0533
0 0.6609 0.3871 0.0253 0.0595
0 0.4875 0.2730 0.0200 0.0275
0 0.5052 0.3605 0.0218 0.0535
0 0.4973 0.5574 0.0354 0.0644
0 0.8685 0.5524 0.0539 0.0570
0 0.3741 0.4242 0.0289 0.0532
0 0.7402 0.2898 0.0453 0.0320
0 0.5382 0.3503 0.0384 0.0414
0 0.8960 0.3129 0.0404 0.0333
0 0.5140 0.3547 0.0318 0.0515
0 0.4302 0.2717 0.0186 0.0253
0 0.3109 0.2900 0.0220 0.0407
