0 0.6920 0.3481 0.0321 0.0489
0 0.2734 0.6549 0.0389 0.0598
0 0.3420 0.3104 0.0235 0.0508
0 0.6303 0.4139 0.0366 0.0501
0 0.7766 0.3382 0.0376 0.0519
0 0.2907 0.4219 0.0488 0.0366
0 0.3517 0.3753 0.0296 0.0528
0 0.8275 0.3296 0.0250 0.0497
0 0.4854 0.3098 0.0221 0.0444
0 0.5563 0.4106 0.0182 0.0536
0 0.3085 0.3396 0.0220 0.0509
0 0.5435 0.3008 0.0270 0.0377
0 0.6612 0.3860 0.0250 0.0569
0 0.7423 0.3329 0.0208 0.0556
0 0.3698 0.4352 0.0301 0.0478
0 0.8460 0.5311 0.0412 0.0590
0 0.3818 0.2914 0.0216 0.0431
0 0.3466 0.2575 0.0501 0.0426
0 0.4880 0.2731 0.0207 0.0279
0 0.5395 0.3489 0.0436 0.0382
0 0.3851 0.3555 0.0351 0.0549
0 0.9201 0.3548 0.0245 0.0531
0 0.5102 0.3539 0.0256 0.0551
0 0.4984 0.5579 0.0340 0.0640
0 0.8962 0.3136 0.0381 0.0361
0 0.7343 0.2831 0.0405 0.0337
0 0.4300 0.2717 0.0184 0.0254
0 0.5507 0.2657 0.0183 0.0212
0 0.3107 0.2830 0.0212 0.0311
