0 0.3415 0.3047 0.0225 0.0479
0 0.6304 0.4140 0.0372 0.0501
0 0.2734 0.6548 0.0384 0.0594
0 0.5074 0.3487 0.0266 0.0526
0 0.6933 0.3478 0.0306 0.0425
0 0.3836 0.3520 0.0299 0.0537
0 0.8279 0.3298 0.0241 0.0501
0 0.3503 0.3722 0.0262 0.0562
0 0.4856 0.3104 0.0232 0.0455
0 0.7741 0.3355 0.0370 0.0436
0 0.2904 0.4214 0.0496 0.0356
0 0.6619 0.3843 0.0264 0.0490
0 0.3079 0.3412 0.0207 0.0496
0 0.5437 0.3014 0.0263 0.0395
0 0.3679 0.4424 0.0329 0.0468
0 0.5560 0.4113 0.0179 0.0524
0 0.3471 0.2572 0.0545 0.0401
0 0.3806 0.2925 0.0202 0.0430
0 0.7418 0.3331 0.0204 0.0541
0 0.5432 0.3491 0.0381 0.0353
0 0.4884 0.2728 0.0205 0.0286
0 0.9208 0.3547 0.0249 0.0509
0 0.7353 0.2814 0.0380 0.0365
0 0.5020 0.5613 0.0347 0.0610
0 0.8966 0.3137 0.0367 0.0366
0 0.4265 0.2730 0.0171 0.0277
0 0.3101 0.2825 0.0210 0.0333
0 0.5505 0.2655 0.0187 0.0209
