0 0.6302 0.4131 0.0373 0.0528
0 0.2734 0.6550 0.0383 0.0597
0 0.5119 0.3444 0.0293 0.0494
0 0.6950 0.3487 0.0361 0.0399
0 0.3400 0.3033 0.0254 0.0431
0 0.8276 0.3295 0.0244 0.0495
0 0.3497 0.3698 0.0263 0.0547
0 0.3451 0.2588 0.0498 0.0427
0 0.4853 0.3098 0.0233 0.0453
0 0.2905 0.4213 0.0504 0.0351
0 0.3813 0.3522 0.0279 0.0531
0 0.7714 0.3348 0.0363 0.0455
0 0.6621 0.3834 0.0273 0.0414
0 0.5561 0.4128 0.0184 0.0532
0 0.3079 0.3440 0.0224 0.0476
0 0.5440 0.3013 0.0263 0.0388
0 0.3643 0.4538 0.0314 0.0488
0 0.5030 0.5635 0.0337 0.0583
0 0.7403 0.3335 0.0201 0.0528
0 0.3820 0.2956 0.0196 0.0441
0 0.5442 0.3486 0.0422 0.0347
0 0.4881 0.2726 0.0209 0.0287
0 0.9205 0.3538 0.0287 0.0480
0 0.7367 0.2799 0.0354 0.0359
0 0.7877 0.5462 0.0373 0.0600
0 0.8963 0.3140 0.0362 0.0376
0 0.5510 0.2662 0.0181 0.0217
0 0.4264 0.2717 0.0182 0.0254
0 0.3078 0.2823 0.0194 0.0352
