0 0.2734 0.6550 0.0379 0.0595
0 0.6300 0.4134 0.0381 0.0537
0 0.6973 0.3488 0.0382 0.0413
0 0.5154 0.3426 0.0269 0.0522
0 0.7582 0.5769 0.0435 0.0597
0 0.3816 0.3497 0.0277 0.0562
0 0.3500 0.3652 0.0257 0.0552
0 0.8271 0.3296 0.0249 0.0502
0 0.2903 0.4209 0.0500 0.0362
0 0.4860 0.3093 0.0235 0.0455
0 0.5559 0.4138 0.0182 0.0546
0 0.5436 0.3013 0.0270 0.0385
0 0.6627 0.3822 0.0234 0.0436
0 0.7709 0.3336 0.0353 0.0432
0 0.3361 0.3000 0.0300 0.0442
0 0.3442 0.2563 0.0510 0.0415
0 0.5035 0.5653 0.0338 0.0577
0 0.3086 0.3507 0.0237 0.0478
0 0.3846 0.2998 0.0203 0.0459
0 0.7409 0.3337 0.0214 0.0515
0 0.3386 0.4825 0.0399 0.0542
0 0.4894 0.2724 0.0208 0.0293
0 0.7345 0.2764 0.0401 0.0341
0 0.5460 0.3486 0.0384 0.0362
0 0.9212 0.3537 0.0310 0.0469
0 0.4253 0.2731 0.0177 0.0269
0 0.8968 0.3150 0.0371 0.0383
0 0.5510 0.2665 0.0181 0.0222
0 0.3083 0.2824 0.0196 0.0355
