0 0.6295 0.4134 0.0378 0.0519
0 0.7260 0.5951 0.0440 0.0588
0 0.2736 0.6539 0.0376 0.0608
0 0.7018 0.3488 0.0386 0.0402
0 0.5164 0.3398 0.0299 0.0477
0 0.6636 0.3808 0.0229 0.0433
0 0.5553 0.4149 0.0173 0.0550
0 0.5045 0.5655 0.0346 0.0565
0 0.3436 0.2581 0.0494 0.0362
0 0.8267 0.3293 0.0255 0.0503
0 0.3830 0.3489 0.0247 0.0582
0 0.2895 0.4210 0.0475 0.0372
0 0.4855 0.3095 0.0234 0.0450
0 0.7693 0.3321 0.0374 0.0429
0 0.5437 0.3000 0.0261 0.0397
0 0.3842 0.3023 0.0214 0.0472
0 0.7352 0.2768 0.0412 0.0373
0 0.4895 0.2724 0.0206 0.0299
0 0.3085 0.3536 0.0231 0.0511
0 0.7416 0.3335 0.0212 0.0524
0 0.9212 0.3532 0.0289 0.0459
0 0.3297 0.2988 0.0359 0.0393
0 0.3518 0.3603 0.0258 0.0574
0 0.5436 0.3544 0.0375 0.0336
0 0.4255 0.2745 0.0175 0.0280
0 0.8909 0.3144 0.0336 0.0365
0 0.3095 0.2790 0.0225 0.0311
