0 0.4024 0.3374 0.0225 0.0598
0 0.6896 0.3397 0.0204 0.0580
0 0.8025 0.3747 0.0230 0.0544
0 0.3325 0.2714 0.0319 0.0531
0 0.5270 0.3441 0.0224 0.0624
0 0.4851 0.3110 0.0253 0.0460
0 0.5427 0.2985 0.0249 0.0382
0 0.2883 0.4249 0.0379 0.0599
0 0.4600 0.3792 0.0396 0.0467
0 0.7440 0.3325 0.0180 0.0512
0 0.8285 0.3273 0.0201 0.0508
0 0.5739 0.3609 0.0417 0.0358
0 0.7938 0.7257 0.0296 0.0728
0 0.2691 0.6410 0.0412 0.0567
0 0.4886 0.2743 0.0263 0.0271
0 0.6519 0.3087 0.0423 0.0278
0 0.7801 0.2960 0.0271 0.0371
0 0.6029 0.2346 0.0204 0.0518
0 0.7830 0.3315 0.0176 0.0502
0 0.4425 0.2732 0.0411 0.0222
0 0.5165 0.2790 0.0219 0.0342
0 0.4241 0.2744 0.0186 0.0234
0 0.3832 0.2743 0.0197 0.0241
0 0.5175 0.2891 0.0240 0.0409
0 0.5483 0.2645 0.0214 0.0226
