0 0.6294 0.4136 0.0373 0.0524
0 0.7026 0.3503 0.0385 0.0427
0 0.5207 0.3340 0.0318 0.0422
0 0.6630 0.3806 0.0244 0.0442
0 0.5554 0.4163 0.0166 0.0569
0 0.2892 0.4213 0.0468 0.0377
0 0.8266 0.3290 0.0266 0.0501
0 0.4854 0.3082 0.0265 0.0421
0 0.2734 0.6542 0.0378 0.0578
0 0.3809 0.3433 0.0266 0.0573
0 0.5043 0.5654 0.0355 0.0553
0 0.3439 0.2571 0.0509 0.0362
0 0.5435 0.2981 0.0252 0.0354
0 0.7327 0.2724 0.0434 0.0344
0 0.7706 0.3325 0.0362 0.0422
0 0.7412 0.3336 0.0209 0.0523
0 0.3851 0.2999 0.0225 0.0460
0 0.9198 0.3530 0.0326 0.0445
0 0.4896 0.2723 0.0209 0.0285
0 0.5424 0.3592 0.0401 0.0350
0 0.6806 0.6051 0.0477 0.0560
0 0.3538 0.3547 0.0239 0.0556
0 0.3269 0.2974 0.0334 0.0400
0 0.8901 0.3134 0.0334 0.0398
0 0.3107 0.3559 0.0235 0.0512
0 0.4253 0.2723 0.0184 0.0254
0 0.5516 0.2647 0.0191 0.0214
0 0.3094 0.2801 0.0241 0.0332
0 0.6168 0.2665 0.0185 0.0283
0 0.2123 0.7176 0.0453 0.0499
