0 0.6295 0.4134 0.0367 0.0534
0 0.2727 0.6549 0.0379 0.0588
0 0.5058 0.5638 0.0391 0.0555
0 0.4848 0.3082 0.0253 0.0435
0 0.6628 0.3811 0.0255 0.0450
0 0.5551 0.4168 0.0181 0.0563
0 0.2889 0.4207 0.0473 0.0369
0 0.5208 0.3326 0.0273 0.0424
0 0.8256 0.3288 0.0261 0.0508
0 0.5404 0.3629 0.0354 0.0433
0 0.3526 0.3503 0.0223 0.0575
0 0.3802 0.3394 0.0260 0.0570
0 0.7042 0.3528 0.0380 0.0394
0 0.3433 0.2566 0.0513 0.0348
0 0.7697 0.3332 0.0380 0.0420
0 0.5424 0.2991 0.0257 0.0346
0 0.7412 0.3332 0.0216 0.0528
0 0.7328 0.2702 0.0417 0.0324
0 0.6394 0.6378 0.0427 0.0631
0 0.9199 0.3535 0.0308 0.0444
0 0.3107 0.3602 0.0253 0.0516
0 0.3848 0.3001 0.0235 0.0455
0 0.4894 0.2727 0.0205 0.0279
0 0.8895 0.3130 0.0318 0.0397
0 0.4248 0.2734 0.0187 0.0259
0 0.3261 0.2910 0.0393 0.0371
0 0.5517 0.2658 0.0187 0.0222
0 0.3132 0.2812 0.0313 0.0346
0 0.6167 0.2665 0.0185 0.0280
0 0.7095 0.2782 0.0362 0.0360
