0 0.6298 0.4131 0.0365 0.0539
0 0.4850 0.3085 0.0262 0.0453
0 0.6636 0.3815 0.0247 0.0483
0 0.2728 0.6548 0.0377 0.0591
0 0.5548 0.4160 0.0212 0.0566
0 0.2892 0.4206 0.0476 0.0372
0 0.3527 0.3439 0.0216 0.0557
0 0.5063 0.5658 0.0397 0.0537
0 0.6149 0.6863 0.0444 0.0688
0 0.8247 0.3293 0.0263 0.0517
0 0.7406 0.3324 0.0214 0.0513
0 0.7706 0.3340 0.0361 0.0406
0 0.5379 0.3714 0.0342 0.0491
0 0.5431 0.2995 0.0222 0.0367
0 0.7346 0.2698 0.0393 0.0364
0 0.3802 0.3358 0.0247 0.0544
0 0.3108 0.3613 0.0265 0.0503
0 0.3474 0.2567 0.0488 0.0320
0 0.7065 0.3544 0.0388 0.0342
0 0.4893 0.2723 0.0202 0.0276
0 0.3847 0.2988 0.0265 0.0426
0 0.9194 0.3540 0.0259 0.0467
0 0.8900 0.3149 0.0324 0.0429
0 0.5184 0.3173 0.0216 0.0586
0 0.4247 0.2735 0.0192 0.0274
0 0.3251 0.2894 0.0408 0.0363
0 0.7087 0.2774 0.0331 0.0389
0 0.5515 0.2624 0.0187 0.0200
0 0.6169 0.2668 0.0187 0.0280
0 0.3152 0.2824 0.0357 0.0382
