0 0.6304 0.4129 0.0366 0.0546
0 0.2733 0.6552 0.0383 0.0591
0 0.5544 0.4162 0.0226 0.0575
0 0.5892 0.7215 0.0414 0.0670
0 0.2895 0.4205 0.0474 0.0372
0 0.4848 0.3078 0.0279 0.0434
0 0.3532 0.3390 0.0208 0.0571
0 0.6635 0.3821 0.0229 0.0499
0 0.5166 0.3163 0.0224 0.0556
0 0.8246 0.3292 0.0264 0.0528
0 0.5079 0.5664 0.0412 0.0574
0 0.5445 0.2997 0.0218 0.0407
0 0.5333 0.3833 0.0332 0.0507
0 0.7317 0.2719 0.0451 0.0391
0 0.7073 0.3535 0.0387 0.0397
0 0.7696 0.3335 0.0363 0.0410
0 0.7419 0.3309 0.0237 0.0483
0 0.3513 0.2552 0.0467 0.0339
0 0.9201 0.3533 0.0223 0.0523
0 0.3813 0.3321 0.0239 0.0550
0 0.4898 0.2727 0.0212 0.0284
0 0.3841 0.2999 0.0268 0.0434
0 0.3102 0.3603 0.0250 0.0488
0 0.8883 0.3163 0.0280 0.0453
0 0.4248 0.2729 0.0195 0.0281
0 0.3158 0.2822 0.0412 0.0377
0 0.5523 0.2644 0.0188 0.0212
0 0.7102 0.2785 0.0351 0.0419
0 0.6171 0.2676 0.0181 0.0296
0 0.3264 0.2879 0.0500 0.0318
