0 0.6296 0.4122 0.0345 0.0551
0 0.5543 0.4153 0.0213 0.0570
0 0.2733 0.6551 0.0382 0.0590
0 0.2892 0.4208 0.0471 0.0373
0 0.4847 0.3078 0.0290 0.0407
0 0.8247 0.3289 0.0252 0.0529
0 0.6628 0.3868 0.0248 0.0561
0 0.5159 0.3149 0.0226 0.0539
0 0.5453 0.2989 0.0209 0.0404
0 0.3537 0.3351 0.0197 0.0565
0 0.9195 0.3509 0.0223 0.0552
0 0.5579 0.7230 0.0394 0.0705
0 0.7070 0.3524 0.0383 0.0458
0 0.7347 0.2661 0.0387 0.0366
0 0.5087 0.5674 0.0420 0.0547
0 0.7430 0.3322 0.0243 0.0489
0 0.3011 0.3066 0.0307 0.0506
0 0.4905 0.2729 0.0215 0.0284
0 0.7701 0.3335 0.0339 0.0415
0 0.3844 0.2993 0.0304 0.0400
0 0.3488 0.2562 0.0481 0.0370
0 0.5297 0.3909 0.0281 0.0529
0 0.8874 0.3180 0.0271 0.0490
0 0.3803 0.3288 0.0247 0.0547
0 0.3101 0.3601 0.0243 0.0489
0 0.4248 0.2732 0.0203 0.0288
0 0.7086 0.2740 0.0296 0.0413
0 0.6177 0.2679 0.0181 0.0303
0 0.5517 0.2649 0.0179 0.0210
0 0.3264 0.2893 0.0286 0.0333
0 0.3678 0.2607 0.0351 0.0307
