0 0.6300 0.4123 0.0332 0.0547
0 0.5539 0.4163 0.0226 0.0575
0 0.2894 0.4203 0.0487 0.0378
0 0.5136 0.3085 0.0225 0.0545
0 0.2724 0.6555 0.0366 0.0593
0 0.9192 0.3459 0.0236 0.0525
0 0.5267 0.4022 0.0289 0.0560
0 0.8242 0.3288 0.0243 0.0533
0 0.7085 0.3506 0.0389 0.0475
0 0.5443 0.2991 0.0236 0.0396
0 0.4846 0.3074 0.0269 0.0411
0 0.5276 0.7172 0.0318 0.0771
0 0.7359 0.2669 0.0333 0.0425
0 0.2949 0.3508 0.0515 0.0420
0 0.7604 0.3320 0.0492 0.0406
0 0.5143 0.5754 0.0406 0.0449
0 0.3528 0.3284 0.0211 0.0628
0 0.6641 0.3900 0.0255 0.0582
0 0.3848 0.3023 0.0303 0.0408
0 0.4905 0.2727 0.0216 0.0277
0 0.3484 0.2565 0.0470 0.0359
0 0.3796 0.3271 0.0242 0.0539
0 0.8892 0.3252 0.0236 0.0580
0 0.7439 0.3318 0.0279 0.0438
0 0.4249 0.2733 0.0197 0.0276
0 0.7079 0.2700 0.0332 0.0393
0 0.6178 0.2691 0.0183 0.0321
0 0.3420 0.2900 0.0365 0.0380
0 0.3175 0.2872 0.0250 0.0350
