0 0.6309 0.4123 0.0320 0.0556
0 0.5538 0.4168 0.0228 0.0564
0 0.2728 0.6556 0.0373 0.0594
0 0.5233 0.4062 0.0318 0.0536
0 0.9179 0.3426 0.0248 0.0535
0 0.8240 0.3287 0.0242 0.0535
0 0.5130 0.3032 0.0237 0.0540
0 0.4842 0.3077 0.0279 0.0405
0 0.5445 0.2991 0.0247 0.0400
0 0.7627 0.3338 0.0416 0.0500
0 0.5143 0.5742 0.0449 0.0449
0 0.7321 0.2634 0.0462 0.0405
0 0.7103 0.3482 0.0410 0.0482
0 0.5012 0.7209 0.0337 0.0715
0 0.2729 0.4245 0.0799 0.0452
0 0.3470 0.2633 0.0513 0.0340
0 0.3834 0.3012 0.0335 0.0427
0 0.4891 0.2733 0.0199 0.0280
0 0.3105 0.3603 0.0238 0.0545
0 0.6656 0.3911 0.0289 0.0582
0 0.8890 0.3278 0.0236 0.0595
0 0.7413 0.3374 0.0279 0.0466
0 0.4250 0.2741 0.0196 0.0294
0 0.3535 0.3188 0.0241 0.0576
0 0.6174 0.2689 0.0190 0.0313
0 0.3153 0.2825 0.0274 0.0345
0 0.5508 0.2654 0.0186 0.0220
0 0.7085 0.2654 0.0297 0.0344
0 0.3738 0.2682 0.0338 0.0294
0 0.3797 0.3237 0.0233 0.0513
0 0.3489 0.2494 0.0491 0.0266
