0 0.5173 0.4156 0.0346 0.0495
0 0.6312 0.4117 0.0325 0.0539
0 0.4528 0.7278 0.0320 0.0713
0 0.2726 0.6557 0.0372 0.0600
0 0.5537 0.4168 0.0228 0.0542
0 0.9178 0.3375 0.0242 0.0527
0 0.2889 0.4224 0.0468 0.0389
0 0.8242 0.3286 0.0242 0.0531
0 0.5151 0.5748 0.0448 0.0451
0 0.7624 0.3339 0.0419 0.0515
0 0.5441 0.2984 0.0232 0.0398
0 0.6673 0.3976 0.0306 0.0520
0 0.4820 0.3084 0.0273 0.0397
0 0.7367 0.2636 0.0346 0.0474
0 0.5109 0.2959 0.0232 0.0490
0 0.8897 0.3305 0.0220 0.0555
0 0.3822 0.3006 0.0312 0.0463
0 0.3103 0.3602 0.0238 0.0509
0 0.3495 0.2578 0.0474 0.0353
0 0.4892 0.2737 0.0205 0.0278
0 0.7256 0.3440 0.0413 0.0470
0 0.3537 0.3165 0.0234 0.0556
0 0.7074 0.2687 0.0288 0.0417
0 0.4249 0.2737 0.0207 0.0295
0 0.7128 0.3484 0.0408 0.0473
0 0.1892 0.6023 0.0494 0.0595
0 0.3150 0.2822 0.0277 0.0385
0 0.6173 0.2678 0.0190 0.0301
0 0.5508 0.2656 0.0182 0.0226
0 0.3674 0.2673 0.0324 0.0315
