0 0.5128 0.4203 0.0347 0.0525
0 0.6314 0.4121 0.0335 0.0549
0 0.4054 0.7374 0.0308 0.0740
0 0.2729 0.6554 0.0372 0.0605
0 0.4837 0.3075 0.0271 0.0414
0 0.9162 0.3307 0.0258 0.0538
0 0.5531 0.4168 0.0222 0.0541
0 0.6693 0.4009 0.0303 0.0487
0 0.8244 0.3292 0.0242 0.0554
0 0.5151 0.5760 0.0461 0.0440
0 0.2890 0.4223 0.0476 0.0384
0 0.5439 0.2989 0.0236 0.0391
0 0.7621 0.3330 0.0433 0.0490
0 0.7374 0.2639 0.0310 0.0493
0 0.3757 0.3077 0.0325 0.0533
0 0.3100 0.3603 0.0232 0.0493
0 0.7065 0.2713 0.0267 0.0491
0 0.7247 0.3451 0.0428 0.0475
0 0.4894 0.2734 0.0197 0.0275
0 0.3535 0.3153 0.0238 0.0522
0 0.3496 0.2564 0.0521 0.0337
0 0.5128 0.2950 0.0246 0.0445
0 0.4245 0.2747 0.0202 0.0299
0 0.8914 0.3373 0.0197 0.0537
0 0.3140 0.2815 0.0270 0.0363
0 0.5493 0.2681 0.0187 0.0238
0 0.7132 0.3483 0.0395 0.0475
0 0.5152 0.2772 0.0225 0.0295
0 0.6170 0.2678 0.0195 0.0298
0 0.3631 0.2602 0.0350 0.0325
0 0.3941 0.2971 0.0179 0.0427
