0 0.6315 0.4116 0.0336 0.0576
0 0.2731 0.6557 0.0375 0.0599
0 0.4828 0.3080 0.0246 0.0408
0 0.5443 0.3003 0.0225 0.0395
0 0.6734 0.4055 0.0360 0.0540
0 0.8241 0.3297 0.0241 0.0573
0 0.5158 0.5768 0.0446 0.0458
0 0.5530 0.4181 0.0216 0.0533
0 0.2896 0.4224 0.0465 0.0382
0 0.3736 0.3068 0.0249 0.0607
0 0.3648 0.7392 0.0286 0.0794
0 0.5063 0.4327 0.0386 0.0447
0 0.3472 0.3096 0.0212 0.0518
0 0.7620 0.3322 0.0427 0.0480
0 0.9142 0.3259 0.0288 0.0483
0 0.8901 0.3437 0.0254 0.0549
0 0.3103 0.3601 0.0234 0.0501
0 0.3495 0.2573 0.0487 0.0353
0 0.7371 0.2640 0.0283 0.0537
0 0.7295 0.3425 0.0375 0.0476
0 0.4896 0.2732 0.0218 0.0275
0 0.7080 0.2639 0.0284 0.0536
0 0.5167 0.2781 0.0186 0.0341
0 0.4248 0.2750 0.0197 0.0317
0 0.6168 0.2666 0.0192 0.0284
0 0.3949 0.2951 0.0175 0.0433
0 0.3139 0.2805 0.0233 0.0343
0 0.7128 0.3485 0.0344 0.0475
0 0.3625 0.2592 0.0338 0.0322
0 0.5496 0.2664 0.0178 0.0219
