0 0.6895 0.3388 0.0214 0.0574
0 0.4040 0.3327 0.0212 0.0590
0 0.8045 0.3727 0.0211 0.0565
0 0.5277 0.3445 0.0220 0.0577
0 0.3318 0.2697 0.0296 0.0492
0 0.4861 0.3110 0.0254 0.0450
0 0.2884 0.4247 0.0385 0.0598
0 0.8285 0.3282 0.0205 0.0502
0 0.7442 0.3331 0.0179 0.0506
0 0.5847 0.2200 0.0237 0.0708
0 0.4611 0.3814 0.0386 0.0479
0 0.5736 0.3611 0.0413 0.0349
0 0.5416 0.2988 0.0255 0.0348
0 0.4894 0.2740 0.0279 0.0286
0 0.6513 0.3079 0.0411 0.0293
0 0.2693 0.6441 0.0411 0.0550
0 0.7796 0.2960 0.0342 0.0293
0 0.4399 0.2745 0.0322 0.0244
0 0.7480 0.7073 0.0287 0.0756
0 0.3812 0.2741 0.0186 0.0239
0 0.7834 0.3321 0.0175 0.0484
0 0.5231 0.2986 0.0265 0.0385
0 0.5477 0.2679 0.0192 0.0256
0 0.4248 0.2745 0.0192 0.0222
0 0.5092 0.2744 0.0219 0.0265
