0 0.6311 0.4117 0.0358 0.0557
0 0.2736 0.6561 0.0385 0.0584
0 0.4829 0.3080 0.0247 0.0417
0 0.3721 0.3078 0.0245 0.0581
0 0.5146 0.5760 0.0461 0.0429
0 0.5442 0.3000 0.0226 0.0409
0 0.8241 0.3295 0.0233 0.0582
0 0.5532 0.4170 0.0221 0.0529
0 0.2892 0.4216 0.0454 0.0380
0 0.3466 0.3090 0.0210 0.0520
0 0.7050 0.2680 0.0250 0.0591
0 0.7618 0.3312 0.0402 0.0479
0 0.8888 0.3481 0.0234 0.0551
0 0.5025 0.4378 0.0389 0.0454
0 0.5581 0.9698 0.0323 0.0619
0 0.7323 0.3404 0.0349 0.0495
0 0.3106 0.3605 0.0234 0.0503
0 0.3500 0.2557 0.0507 0.0321
0 0.4881 0.2731 0.0212 0.0275
0 0.3233 0.7450 0.0277 0.0834
0 0.6775 0.4127 0.0398 0.0529
0 0.7383 0.2640 0.0270 0.0527
0 0.9127 0.3185 0.0283 0.0518
0 0.4251 0.2751 0.0185 0.0319
0 0.5144 0.2783 0.0193 0.0341
0 0.7125 0.3470 0.0299 0.0503
0 0.3949 0.2930 0.0179 0.0431
0 0.5499 0.2705 0.0167 0.0246
0 0.6170 0.2694 0.0182 0.0331
