0 0.6313 0.4105 0.0363 0.0559
0 0.2970 0.7388 0.0223 0.0841
0 0.4836 0.3075 0.0275 0.0421
0 0.2732 0.6558 0.0390 0.0570
0 0.5534 0.4170 0.0275 0.0522
0 0.2899 0.4219 0.0454 0.0400
0 0.5448 0.2995 0.0232 0.0405
0 0.6151 0.9207 0.0282 0.0838
0 0.3468 0.3051 0.0212 0.0537
0 0.8239 0.3292 0.0227 0.0572
0 0.7033 0.2654 0.0245 0.0590
0 0.6806 0.4134 0.0408 0.0475
0 0.5142 0.5753 0.0448 0.0410
0 0.9107 0.3153 0.0302 0.0497
0 0.3747 0.3049 0.0237 0.0596
0 0.8883 0.3523 0.0217 0.0572
0 0.3107 0.3608 0.0233 0.0492
0 0.7627 0.3309 0.0403 0.0467
0 0.7401 0.3357 0.0273 0.0487
0 0.4880 0.2733 0.0218 0.0272
0 0.3499 0.2577 0.0484 0.0332
0 0.7126 0.3463 0.0260 0.0508
0 0.5015 0.4408 0.0376 0.0495
0 0.7378 0.2613 0.0304 0.0493
0 0.4248 0.2755 0.0192 0.0294
0 0.5156 0.2779 0.0189 0.0335
0 0.5499 0.2704 0.0173 0.0243
0 0.3953 0.2946 0.0170 0.0430
0 0.6158 0.2675 0.0188 0.0309
0 0.3700 0.2787 0.0308 0.0329
