0 0.6312 0.4097 0.0363 0.0558
0 0.2904 0.4218 0.0443 0.0417
0 0.5522 0.4170 0.0286 0.0488
0 0.5445 0.2995 0.0219 0.0423
0 0.2750 0.6547 0.0432 0.0537
0 0.4832 0.3074 0.0246 0.0417
0 0.6825 0.4171 0.0412 0.0480
0 0.4961 0.4447 0.0364 0.0525
0 0.3141 0.7258 0.0195 0.0868
0 0.8238 0.3290 0.0226 0.0556
0 0.3497 0.3055 0.0230 0.0517
0 0.3768 0.3018 0.0243 0.0547
0 0.7031 0.2653 0.0230 0.0596
0 0.9092 0.3110 0.0286 0.0466
0 0.5132 0.5745 0.0437 0.0410
0 0.6863 0.8433 0.0178 0.0812
0 0.3499 0.2566 0.0451 0.0363
0 0.7424 0.3339 0.0253 0.0501
0 0.7397 0.2646 0.0241 0.0536
0 0.7118 0.3461 0.0252 0.0515
0 0.3111 0.3605 0.0231 0.0505
0 0.7674 0.3312 0.0334 0.0466
0 0.4876 0.2730 0.0211 0.0263
0 0.4250 0.2747 0.0198 0.0302
0 0.5128 0.2741 0.0202 0.0267
0 0.3961 0.2977 0.0185 0.0426
0 0.8897 0.3552 0.0198 0.0522
0 0.5486 0.2687 0.0182 0.0226
