0 0.6321 0.4080 0.0375 0.0548
0 0.6872 0.4206 0.0432 0.0490
0 0.2747 0.6550 0.0461 0.0526
0 0.2899 0.4217 0.0443 0.0410
0 0.5511 0.4163 0.0253 0.0505
0 0.4838 0.3081 0.0248 0.0424
0 0.5447 0.2995 0.0221 0.0421
0 0.4960 0.4449 0.0376 0.0510
0 0.7388 0.2657 0.0294 0.0451
0 0.8239 0.3288 0.0226 0.0543
0 0.7029 0.2647 0.0257 0.0568
0 0.5137 0.5747 0.0443 0.0408
0 0.7685 0.3319 0.0324 0.0473
0 0.7376 0.3370 0.0284 0.0498
0 0.3495 0.3054 0.0238 0.0484
0 0.9095 0.3135 0.0288 0.0451
0 0.3603 0.7184 0.0252 0.0788
0 0.3756 0.2950 0.0253 0.0474
0 0.3501 0.2562 0.0436 0.0343
0 0.7433 0.7599 0.0222 0.0757
0 0.4882 0.2729 0.0256 0.0260
0 0.3109 0.3605 0.0224 0.0510
0 0.8890 0.3620 0.0280 0.0494
0 0.3960 0.2958 0.0197 0.0419
0 0.4252 0.2746 0.0193 0.0320
0 0.7130 0.3437 0.0249 0.0486
0 0.5116 0.2725 0.0196 0.0235
0 0.5504 0.2712 0.0175 0.0230
