0 0.6330 0.4053 0.0349 0.0531
0 0.2749 0.6540 0.0464 0.0512
0 0.3996 0.6851 0.0292 0.0754
0 0.5502 0.4173 0.0247 0.0486
0 0.4837 0.3085 0.0243 0.0424
0 0.2898 0.4215 0.0435 0.0412
0 0.3471 0.3010 0.0208 0.0479
0 0.5441 0.3004 0.0224 0.0365
0 0.8882 0.3649 0.0298 0.0503
0 0.4975 0.4447 0.0370 0.0509
0 0.8237 0.3283 0.0227 0.0535
0 0.7405 0.3345 0.0239 0.0528
0 0.7687 0.3328 0.0300 0.0485
0 0.6912 0.4263 0.0406 0.0518
0 0.9099 0.3127 0.0289 0.0437
0 0.7375 0.2651 0.0320 0.0453
0 0.7024 0.2630 0.0271 0.0520
0 0.5135 0.5755 0.0438 0.0409
0 0.7678 0.6667 0.0317 0.0832
0 0.3500 0.2564 0.0475 0.0331
0 0.3108 0.3606 0.0221 0.0517
0 0.4865 0.2727 0.0230 0.0251
0 0.3976 0.2919 0.0197 0.0434
0 0.3734 0.2913 0.0224 0.0468
0 0.5110 0.2741 0.0200 0.0258
0 0.7131 0.3408 0.0205 0.0560
0 0.4251 0.2748 0.0208 0.0328
0 0.5522 0.2680 0.0186 0.0218
0 0.6175 0.2668 0.0186 0.0300
0 0.3746 0.2723 0.0283 0.0317
