0 0.2749 0.6530 0.0473 0.0482
0 0.6334 0.4034 0.0327 0.0523
0 0.4197 0.6520 0.0281 0.0760
0 0.2899 0.4217 0.0437 0.0423
0 0.8867 0.3697 0.0305 0.0549
0 0.5499 0.4172 0.0249 0.0499
0 0.7438 0.5823 0.0360 0.0730
0 0.4839 0.3080 0.0247 0.0427
0 0.5134 0.5754 0.0438 0.0439
0 0.3480 0.3004 0.0225 0.0475
0 0.5440 0.3006 0.0222 0.0367
0 0.8241 0.3285 0.0218 0.0538
0 0.7399 0.3340 0.0262 0.0536
0 0.7703 0.3320 0.0246 0.0523
0 0.6909 0.4262 0.0390 0.0525
0 0.7025 0.2651 0.0276 0.0498
0 0.3494 0.2569 0.0476 0.0328
0 0.9084 0.3117 0.0235 0.0475
0 0.3105 0.3610 0.0222 0.0492
0 0.7356 0.2627 0.0364 0.0383
0 0.4863 0.2728 0.0219 0.0259
0 0.3982 0.2914 0.0207 0.0428
0 0.4984 0.4447 0.0349 0.0499
0 0.4240 0.2748 0.0228 0.0328
0 0.3772 0.2886 0.0236 0.0418
0 0.7132 0.3370 0.0202 0.0587
0 0.5594 0.2673 0.0221 0.0219
0 0.5080 0.2706 0.0202 0.0242
