0 0.6337 0.4032 0.0331 0.0523
0 0.2745 0.6533 0.0484 0.0493
0 0.4174 0.6152 0.0236 0.0758
0 0.2905 0.4220 0.0439 0.0440
0 0.5495 0.4169 0.0246 0.0503
0 0.8879 0.3709 0.0299 0.0592
0 0.5134 0.5767 0.0418 0.0445
0 0.4840 0.3075 0.0245 0.0424
0 0.5448 0.3002 0.0219 0.0387
0 0.7719 0.3338 0.0231 0.0577
0 0.7392 0.3335 0.0269 0.0550
0 0.7008 0.2639 0.0292 0.0503
0 0.6908 0.4259 0.0389 0.0549
0 0.8239 0.3285 0.0222 0.0544
0 0.3488 0.2989 0.0256 0.0402
0 0.9094 0.3112 0.0267 0.0456
0 0.6903 0.5309 0.0333 0.0678
0 0.3498 0.2573 0.0466 0.0343
0 0.3108 0.3607 0.0207 0.0489
0 0.4856 0.2730 0.0207 0.0260
0 0.3978 0.2916 0.0222 0.0435
0 0.7358 0.2659 0.0326 0.0393
0 0.4984 0.4458 0.0301 0.0542
0 0.4231 0.2760 0.0252 0.0320
0 0.5668 0.2706 0.0252 0.0260
0 0.6177 0.2648 0.0175 0.0274
0 0.3782 0.2783 0.0231 0.0392
0 0.5098 0.2715 0.0201 0.0231
0 0.7136 0.3356 0.0202 0.0547
0 0.5744 0.2658 0.0228 0.0252
