0 0.6350 0.4024 0.0335 0.0533
0 0.2914 0.4217 0.0435 0.0452
0 0.6907 0.4229 0.0384 0.0538
0 0.2741 0.6533 0.0501 0.0475
0 0.5487 0.4178 0.0242 0.0525
0 0.5138 0.5766 0.0417 0.0431
0 0.7730 0.3333 0.0231 0.0565
0 0.4842 0.3078 0.0254 0.0429
0 0.8890 0.3737 0.0355 0.0524
0 0.7374 0.3342 0.0311 0.0532
0 0.7001 0.2625 0.0301 0.0535
0 0.5445 0.3007 0.0221 0.0367
0 0.9081 0.3120 0.0334 0.0483
0 0.8238 0.3281 0.0216 0.0532
0 0.3498 0.2967 0.0240 0.0418
0 0.4272 0.5935 0.0272 0.0737
0 0.3503 0.2575 0.0422 0.0365
0 0.3106 0.3614 0.0207 0.0485
0 0.6311 0.4972 0.0295 0.0681
0 0.4862 0.2733 0.0212 0.0272
0 0.3975 0.2924 0.0204 0.0439
0 0.5020 0.4468 0.0292 0.0558
0 0.7377 0.2660 0.0349 0.0382
0 0.4215 0.2767 0.0281 0.0323
0 0.5670 0.2721 0.0293 0.0282
0 0.6165 0.2645 0.0191 0.0270
0 0.5750 0.2691 0.0251 0.0302
0 0.3786 0.2891 0.0233 0.0428
0 0.3748 0.2769 0.0230 0.0375
0 0.4298 0.2756 0.0189 0.0275
