0 0.2915 0.4213 0.0436 0.0448
0 0.6900 0.4215 0.0371 0.0522
0 0.2739 0.6524 0.0504 0.0463
0 0.6369 0.4011 0.0323 0.0532
0 0.5135 0.5761 0.0436 0.0450
0 0.5480 0.4191 0.0238 0.0556
0 0.7327 0.3348 0.0386 0.0523
0 0.4842 0.3079 0.0251 0.0427
0 0.5670 0.4910 0.0279 0.0738
0 0.7756 0.3319 0.0201 0.0582
0 0.5444 0.3003 0.0223 0.0365
0 0.6975 0.2618 0.0322 0.0495
0 0.8890 0.3771 0.0362 0.0464
0 0.4606 0.5835 0.0252 0.0707
0 0.9074 0.3130 0.0341 0.0450
0 0.3471 0.2570 0.0472 0.0336
0 0.8240 0.3283 0.0205 0.0525
0 0.3494 0.2963 0.0229 0.0404
0 0.3109 0.3610 0.0213 0.0494
0 0.3979 0.2935 0.0206 0.0435
0 0.4860 0.2736 0.0202 0.0269
0 0.7383 0.2679 0.0341 0.0342
0 0.4984 0.4496 0.0301 0.0558
0 0.4221 0.2762 0.0269 0.0311
0 0.5771 0.2687 0.0240 0.0280
0 0.3753 0.2788 0.0247 0.0373
0 0.6165 0.2642 0.0183 0.0267
0 0.5659 0.2718 0.0222 0.0254
0 0.4300 0.2747 0.0195 0.0270
