0 0.6887 0.4205 0.0345 0.0539
0 0.2918 0.4209 0.0426 0.0469
0 0.6357 0.3998 0.0293 0.0550
0 0.5478 0.4197 0.0252 0.0559
0 0.2735 0.6532 0.0508 0.0448
0 0.7312 0.3344 0.0397 0.0517
0 0.4847 0.3081 0.0229 0.0425
0 0.7775 0.3331 0.0198 0.0602
0 0.5450 0.3007 0.0234 0.0366
0 0.4945 0.5619 0.0247 0.0744
0 0.9072 0.3136 0.0338 0.0460
0 0.6966 0.2594 0.0339 0.0557
0 0.3492 0.2584 0.0428 0.0369
0 0.8242 0.3281 0.0205 0.0526
0 0.8909 0.3836 0.0359 0.0455
0 0.4857 0.2736 0.0200 0.0267
0 0.7406 0.2725 0.0338 0.0405
0 0.3114 0.3603 0.0224 0.0502
0 0.5636 0.2723 0.0209 0.0261
0 0.3958 0.2951 0.0236 0.0411
0 0.5164 0.5772 0.0313 0.0456
0 0.3495 0.2909 0.0329 0.0351
0 0.4982 0.4824 0.0225 0.0734
0 0.6174 0.2655 0.0180 0.0284
0 0.4209 0.2739 0.0375 0.0258
0 0.5835 0.2696 0.0255 0.0263
0 0.4304 0.2736 0.0202 0.0259
0 0.5018 0.4505 0.0245 0.0555
0 0.3774 0.2795 0.0291 0.0342
0 0.3869 0.2897 0.0375 0.0391
