0 0.6878 0.3377 0.0262 0.0542
0 0.4051 0.3283 0.0224 0.0577
0 0.2887 0.4242 0.0394 0.0590
0 0.3335 0.2690 0.0271 0.0508
0 0.5295 0.3417 0.0243 0.0577
0 0.8044 0.3698 0.0222 0.0578
0 0.7440 0.3328 0.0179 0.0528
0 0.4856 0.3112 0.0259 0.0426
0 0.8283 0.3284 0.0199 0.0511
0 0.7338 0.6865 0.0222 0.0866
0 0.6190 0.2063 0.0248 0.0660
0 0.2712 0.6449 0.0438 0.0538
0 0.4662 0.3873 0.0364 0.0521
0 0.5739 0.3610 0.0401 0.0349
0 0.6491 0.3060 0.0445 0.0323
0 0.5220 0.2990 0.0293 0.0408
0 0.4899 0.2739 0.0254 0.0282
0 0.7837 0.3308 0.0201 0.0508
0 0.5412 0.2977 0.0279 0.0335
0 0.4245 0.2750 0.0170 0.0239
0 0.5486 0.2670 0.0218 0.0235
0 0.3794 0.2738 0.0188 0.0234
0 0.6139 0.2707 0.0206 0.0320
0 0.4330 0.2733 0.0244 0.0223
0 0.7787 0.2945 0.0344 0.0273
