0 0.2915 0.4207 0.0433 0.0476
0 0.6882 0.4209 0.0283 0.0565
0 0.5478 0.4193 0.0230 0.0564
0 0.2738 0.6516 0.0515 0.0437
0 0.6357 0.3984 0.0265 0.0552
0 0.4846 0.3087 0.0219 0.0442
0 0.7295 0.3349 0.0413 0.0497
0 0.7796 0.3313 0.0199 0.0601
0 0.9069 0.3122 0.0389 0.0420
0 0.3459 0.2601 0.0472 0.0387
0 0.5454 0.3000 0.0234 0.0381
0 0.8244 0.3286 0.0212 0.0527
0 0.3969 0.2962 0.0204 0.0435
0 0.5019 0.4590 0.0258 0.0575
0 0.4876 0.2731 0.0182 0.0278
0 0.7362 0.2722 0.0383 0.0356
0 0.6936 0.2561 0.0303 0.0606
0 0.4571 0.4618 0.0216 0.0734
0 0.5147 0.5762 0.0378 0.0475
0 0.8942 0.3882 0.0362 0.0464
0 0.3113 0.3596 0.0245 0.0486
0 0.6162 0.2700 0.0191 0.0357
0 0.5909 0.2802 0.0258 0.0472
0 0.5077 0.5459 0.0327 0.0733
0 0.5560 0.2689 0.0234 0.0222
0 0.4300 0.2760 0.0171 0.0289
0 0.4234 0.2776 0.0243 0.0302
0 0.3605 0.2894 0.0229 0.0423
0 0.3710 0.2804 0.0235 0.0426
0 0.5043 0.5322 0.0276 0.0486
