0 0.2916 0.4206 0.0443 0.0463
0 0.5059 0.4549 0.0283 0.0585
0 0.4846 0.3086 0.0216 0.0438
0 0.7300 0.3343 0.0414 0.0504
0 0.2728 0.6543 0.0518 0.0393
0 0.5452 0.2998 0.0235 0.0368
0 0.9059 0.3107 0.0377 0.0442
0 0.5466 0.4201 0.0250 0.0554
0 0.6875 0.4213 0.0220 0.0597
0 0.8254 0.3290 0.0214 0.0495
0 0.6359 0.3967 0.0266 0.0569
0 0.3460 0.2618 0.0395 0.0374
0 0.5923 0.2958 0.0221 0.0421
0 0.4322 0.4256 0.0257 0.0683
0 0.7358 0.2715 0.0383 0.0328
0 0.7835 0.3288 0.0217 0.0590
0 0.4878 0.2733 0.0172 0.0276
0 0.8964 0.3913 0.0366 0.0454
0 0.4757 0.5438 0.0252 0.0606
0 0.3963 0.2973 0.0202 0.0442
0 0.5143 0.5749 0.0391 0.0507
0 0.6952 0.2559 0.0334 0.0567
0 0.6161 0.2690 0.0191 0.0328
0 0.3114 0.3552 0.0243 0.0446
0 0.4194 0.2768 0.0290 0.0279
0 0.5536 0.2663 0.0226 0.0206
0 0.3506 0.2888 0.0310 0.0340
0 0.4302 0.2761 0.0170 0.0279
0 0.3725 0.2751 0.0223 0.0319
0 0.5087 0.5615 0.0455 0.0542
0 0.5944 0.2678 0.0258 0.0251
