0 0.2919 0.4199 0.0451 0.0458
0 0.4124 0.3839 0.0235 0.0677
0 0.5458 0.4205 0.0254 0.0587
0 0.7299 0.3340 0.0415 0.0495
0 0.9040 0.3101 0.0397 0.0441
0 0.6871 0.4211 0.0225 0.0577
0 0.4847 0.3089 0.0214 0.0435
0 0.8263 0.3287 0.0232 0.0490
0 0.5444 0.2997 0.0243 0.0357
0 0.5912 0.3051 0.0189 0.0446
0 0.4411 0.5308 0.0270 0.0644
0 0.2711 0.6544 0.0535 0.0366
0 0.3447 0.2617 0.0348 0.0402
0 0.8976 0.3960 0.0401 0.0415
0 0.5143 0.5741 0.0402 0.0534
0 0.3954 0.3001 0.0212 0.0470
0 0.5050 0.4620 0.0208 0.0545
0 0.4877 0.2732 0.0170 0.0276
0 0.7314 0.2724 0.0431 0.0321
0 0.6362 0.3954 0.0241 0.0569
0 0.7844 0.3265 0.0248 0.0555
0 0.6926 0.2556 0.0252 0.0676
0 0.3112 0.3552 0.0255 0.0443
0 0.6167 0.2698 0.0183 0.0347
0 0.4213 0.2778 0.0300 0.0273
0 0.3770 0.2746 0.0231 0.0299
0 0.5509 0.2661 0.0194 0.0218
0 0.3453 0.2889 0.0357 0.0294
0 0.4301 0.2760 0.0170 0.0273
