0 0.2925 0.4194 0.0459 0.0455
0 0.5454 0.4198 0.0290 0.0572
0 0.7292 0.3342 0.0390 0.0476
0 0.9044 0.3108 0.0363 0.0470
0 0.8269 0.3286 0.0230 0.0493
0 0.4848 0.3088 0.0228 0.0441
0 0.5440 0.2998 0.0254 0.0371
0 0.6859 0.4232 0.0211 0.0612
0 0.8982 0.3978 0.0406 0.0405
0 0.3461 0.2613 0.0402 0.0435
0 0.3996 0.3602 0.0222 0.0655
0 0.2700 0.6562 0.0549 0.0353
0 0.7314 0.2749 0.0428 0.0341
0 0.5918 0.3175 0.0214 0.0595
0 0.3984 0.2978 0.0316 0.0413
0 0.5140 0.5738 0.0307 0.0645
0 0.4875 0.2728 0.0168 0.0283
0 0.5053 0.4627 0.0200 0.0548
0 0.3116 0.3549 0.0260 0.0440
0 0.6371 0.3913 0.0214 0.0560
0 0.4299 0.5023 0.0282 0.0704
0 0.6165 0.2690 0.0182 0.0344
0 0.7871 0.3260 0.0292 0.0550
0 0.6934 0.2546 0.0241 0.0749
0 0.4246 0.2782 0.0258 0.0309
0 0.3791 0.2774 0.0266 0.0331
0 0.5521 0.2665 0.0186 0.0226
0 0.4296 0.2757 0.0174 0.0283
