0 0.2931 0.4185 0.0471 0.0444
0 0.4348 0.4823 0.0314 0.0662
0 0.5462 0.4204 0.0316 0.0549
0 0.8270 0.3287 0.0236 0.0501
0 0.4846 0.3080 0.0220 0.0448
0 0.7309 0.3335 0.0350 0.0452
0 0.9030 0.3095 0.0373 0.0442
0 0.3469 0.2586 0.0435 0.0443
0 0.6864 0.4237 0.0226 0.0596
0 0.9002 0.3989 0.0418 0.0383
0 0.5437 0.3003 0.0254 0.0366
0 0.5936 0.3298 0.0195 0.0482
0 0.6374 0.3894 0.0213 0.0577
0 0.5050 0.4623 0.0229 0.0547
0 0.2707 0.6558 0.0547 0.0327
0 0.4128 0.2912 0.0233 0.0510
0 0.7284 0.2759 0.0385 0.0341
0 0.5132 0.5742 0.0304 0.0603
0 0.4869 0.2731 0.0170 0.0281
0 0.7881 0.3256 0.0336 0.0510
0 0.3901 0.3523 0.0197 0.0728
0 0.3118 0.3553 0.0263 0.0482
0 0.6167 0.2704 0.0184 0.0365
0 0.3847 0.2791 0.0259 0.0361
0 0.6929 0.2473 0.0232 0.0591
0 0.3904 0.2940 0.0209 0.0588
0 0.4303 0.2746 0.0164 0.0270
0 0.5508 0.2642 0.0192 0.0214
