0 0.2927 0.4187 0.0470 0.0420
0 0.4482 0.4702 0.0311 0.0692
0 0.7274 0.3347 0.0362 0.0482
0 0.5459 0.4189 0.0315 0.0516
0 0.8275 0.3292 0.0235 0.0494
0 0.4842 0.3076 0.0228 0.0430
0 0.9030 0.4002 0.0445 0.0387
0 0.3468 0.2596 0.0491 0.0407
0 0.5450 0.3001 0.0236 0.0425
0 0.9014 0.3090 0.0412 0.0435
0 0.4141 0.2941 0.0213 0.0551
0 0.2703 0.6556 0.0536 0.0318
0 0.6401 0.3852 0.0235 0.0574
0 0.5950 0.3439 0.0224 0.0480
0 0.7269 0.2747 0.0392 0.0327
0 0.6849 0.4256 0.0263 0.0584
0 0.5130 0.5744 0.0299 0.0608
0 0.5046 0.4629 0.0237 0.0561
0 0.3911 0.3631 0.0238 0.0650
0 0.4868 0.2730 0.0172 0.0275
0 0.7881 0.3249 0.0358 0.0479
0 0.3123 0.3555 0.0243 0.0489
0 0.6167 0.2679 0.0201 0.0331
0 0.3905 0.2990 0.0194 0.0591
0 0.6932 0.2464 0.0231 0.0579
0 0.5503 0.2676 0.0215 0.0230
0 0.4307 0.2743 0.0163 0.0269
0 0.3813 0.2747 0.0289 0.0292
