0 0.2934 0.4184 0.0476 0.0412
0 0.7246 0.3358 0.0322 0.0506
0 0.8279 0.3294 0.0225 0.0498
0 0.5453 0.4192 0.0284 0.0540
0 0.3891 0.3846 0.0303 0.0638
0 0.4847 0.3077 0.0218 0.0427
0 0.5445 0.2998 0.0213 0.0405
0 0.3440 0.2595 0.0471 0.0403
0 0.5061 0.4610 0.0259 0.0558
0 0.8831 0.9431 0.0410 0.0718
0 0.9050 0.4023 0.0432 0.0337
0 0.4623 0.4892 0.0299 0.0705
0 0.2703 0.6585 0.0563 0.0312
0 0.9001 0.3116 0.0399 0.0436
0 0.4134 0.2984 0.0222 0.0557
0 0.6412 0.3833 0.0221 0.0570
0 0.5132 0.5747 0.0295 0.0620
0 0.7231 0.2738 0.0382 0.0334
0 0.3889 0.3016 0.0219 0.0594
0 0.5965 0.3594 0.0258 0.0530
0 0.6940 0.2420 0.0204 0.0558
0 0.4870 0.2730 0.0176 0.0263
0 0.6832 0.4269 0.0300 0.0557
0 0.7895 0.3246 0.0393 0.0449
0 0.3119 0.3551 0.0238 0.0469
0 0.6175 0.2669 0.0198 0.0311
0 0.5259 0.2676 0.0169 0.0227
0 0.4307 0.2753 0.0171 0.0270
0 0.5515 0.2647 0.0219 0.0206
0 0.3807 0.2731 0.0286 0.0265
