0 0.2918 0.4184 0.0466 0.0414
0 0.3862 0.4108 0.0337 0.0674
0 0.5453 0.3002 0.0224 0.0415
0 0.7334 0.3339 0.0329 0.0510
0 0.8294 0.8511 0.0268 0.0914
0 0.5136 0.5777 0.0318 0.0581
0 0.8289 0.3297 0.0215 0.0492
0 0.4844 0.3083 0.0205 0.0440
0 0.9104 0.4032 0.0487 0.0337
0 0.5460 0.4195 0.0213 0.0546
0 0.5948 0.3662 0.0222 0.0460
0 0.3448 0.2595 0.0453 0.0407
0 0.5057 0.4608 0.0269 0.0568
0 0.4115 0.3108 0.0284 0.0482
0 0.8999 0.3123 0.0397 0.0425
0 0.4750 0.5025 0.0278 0.0674
0 0.2694 0.6577 0.0567 0.0298
0 0.6956 0.2390 0.0206 0.0540
0 0.6417 0.3813 0.0220 0.0579
0 0.7196 0.2766 0.0478 0.0328
0 0.3877 0.3088 0.0224 0.0533
0 0.4862 0.2734 0.0187 0.0273
0 0.3121 0.3550 0.0251 0.0462
0 0.6805 0.4295 0.0361 0.0478
0 0.7899 0.3239 0.0405 0.0389
0 0.4305 0.2755 0.0187 0.0292
0 0.5127 0.2703 0.0264 0.0234
0 0.6179 0.2667 0.0186 0.0303
0 0.5555 0.2659 0.0174 0.0225
0 0.3768 0.2734 0.0301 0.0292
0 0.7014 0.2717 0.0350 0.0480
