0 0.3778 0.4217 0.0394 0.0586
0 0.2918 0.4185 0.0463 0.0413
0 0.5456 0.3005 0.0224 0.0430
0 0.5138 0.5817 0.0294 0.0612
0 0.7334 0.3350 0.0315 0.0524
0 0.3450 0.2609 0.0441 0.0424
0 0.4843 0.3083 0.0218 0.0428
0 0.8292 0.3297 0.0215 0.0501
0 0.5461 0.4190 0.0205 0.0564
0 0.9108 0.4035 0.0474 0.0295
0 0.9001 0.3118 0.0406 0.0419
0 0.6981 0.2363 0.0263 0.0501
0 0.5903 0.3772 0.0211 0.0459
0 0.3854 0.3093 0.0195 0.0519
0 0.2685 0.6574 0.0557 0.0283
0 0.8119 0.7532 0.0236 0.0888
0 0.7219 0.2752 0.0424 0.0324
0 0.6418 0.3779 0.0220 0.0622
0 0.4869 0.2726 0.0174 0.0258
0 0.3117 0.3550 0.0247 0.0474
0 0.6767 0.4304 0.0371 0.0415
0 0.4152 0.3230 0.0206 0.0486
0 0.5039 0.4573 0.0298 0.0429
0 0.7916 0.3235 0.0387 0.0372
0 0.5211 0.2672 0.0183 0.0230
0 0.6173 0.2671 0.0196 0.0298
0 0.4971 0.5024 0.0272 0.0625
0 0.4300 0.2740 0.0175 0.0267
0 0.5026 0.4848 0.0288 0.0770
0 0.5568 0.2651 0.0167 0.0223
