0 0.2920 0.4185 0.0474 0.0416
0 0.5457 0.3002 0.0226 0.0424
0 0.3514 0.4341 0.0474 0.0498
0 0.7411 0.3349 0.0232 0.0516
0 0.3443 0.2598 0.0445 0.0413
0 0.5159 0.5868 0.0308 0.0616
0 0.4845 0.3078 0.0219 0.0433
0 0.4153 0.3284 0.0222 0.0487
0 0.8298 0.3298 0.0199 0.0505
0 0.5468 0.4194 0.0207 0.0579
0 0.7003 0.2352 0.0284 0.0528
0 0.9109 0.4016 0.0450 0.0286
0 0.9003 0.3111 0.0410 0.0405
0 0.2683 0.6593 0.0566 0.0295
0 0.3829 0.3138 0.0198 0.0536
0 0.5094 0.4737 0.0240 0.0828
0 0.8082 0.6821 0.0247 0.0831
0 0.6735 0.4305 0.0421 0.0398
0 0.5907 0.3899 0.0239 0.0522
0 0.6418 0.3756 0.0211 0.0658
0 0.4871 0.2723 0.0179 0.0259
0 0.3118 0.3552 0.0242 0.0474
0 0.7936 0.3239 0.0414 0.0359
0 0.7180 0.2770 0.0435 0.0312
0 0.5206 0.2650 0.0205 0.0231
0 0.6175 0.2663 0.0192 0.0295
0 0.4300 0.2756 0.0184 0.0284
0 0.7133 0.3348 0.0277 0.0510
0 0.3853 0.2743 0.0228 0.0310
0 0.7063 0.2752 0.0386 0.0431
