0 0.2888 0.4243 0.0393 0.0590
0 0.6871 0.3366 0.0278 0.0524
0 0.7336 0.6891 0.0246 0.0837
0 0.3314 0.2696 0.0263 0.0529
0 0.8077 0.3663 0.0218 0.0581
0 0.4857 0.3111 0.0265 0.0424
0 0.5297 0.3448 0.0248 0.0527
0 0.7435 0.3326 0.0176 0.0505
0 0.5439 0.2975 0.0217 0.0375
0 0.5177 0.3016 0.0246 0.0440
0 0.5742 0.3606 0.0411 0.0342
0 0.2723 0.6453 0.0466 0.0502
0 0.4033 0.3187 0.0221 0.0582
0 0.8285 0.3275 0.0218 0.0481
0 0.6522 0.3065 0.0479 0.0336
0 0.4685 0.3914 0.0376 0.0501
0 0.4905 0.2744 0.0234 0.0286
0 0.7830 0.3325 0.0223 0.0420
0 0.6812 0.2171 0.0275 0.0617
0 0.4358 0.2730 0.0280 0.0230
0 0.7826 0.2973 0.0395 0.0335
0 0.3754 0.2727 0.0208 0.0214
0 0.5481 0.2658 0.0227 0.0229
0 0.6145 0.2694 0.0207 0.0330
0 0.4246 0.2766 0.0196 0.0242
