0 0.7035 0.2308 0.0320 0.0443
0 0.3453 0.2607 0.0376 0.0435
0 0.5463 0.3006 0.0243 0.0441
0 0.2907 0.4180 0.0440 0.0411
0 0.3252 0.4558 0.0432 0.0556
0 0.5164 0.5908 0.0336 0.0577
0 0.4139 0.3384 0.0253 0.0470
0 0.8045 0.6299 0.0284 0.0751
0 0.7428 0.3332 0.0192 0.0511
0 0.9119 0.4001 0.0464 0.0335
0 0.8295 0.3298 0.0210 0.0492
0 0.5459 0.4188 0.0224 0.0566
0 0.4848 0.3082 0.0217 0.0420
0 0.5928 0.3999 0.0227 0.0468
0 0.9011 0.3106 0.0422 0.0403
0 0.5054 0.4604 0.0252 0.0665
0 0.6712 0.4307 0.0427 0.0393
0 0.2679 0.6603 0.0563 0.0309
0 0.7093 0.3375 0.0386 0.0467
0 0.3834 0.3168 0.0293 0.0514
0 0.6412 0.3717 0.0231 0.0591
0 0.5161 0.2663 0.0277 0.0292
0 0.4861 0.2728 0.0185 0.0271
0 0.3121 0.3550 0.0252 0.0484
0 0.1982 0.8912 0.0273 0.0797
0 0.4242 0.2740 0.0188 0.0289
0 0.7968 0.3190 0.0462 0.0297
0 0.6168 0.2654 0.0201 0.0282
0 0.7091 0.2824 0.0479 0.0355
