0 0.3037 0.4818 0.0468 0.0530
0 0.5177 0.5970 0.0348 0.0599
0 0.2932 0.4177 0.0482 0.0412
0 0.3442 0.2647 0.0393 0.0450
0 0.5473 0.4181 0.0238 0.0559
0 0.5466 0.3006 0.0229 0.0438
0 0.7932 0.5893 0.0338 0.0759
0 0.5082 0.4480 0.0277 0.0756
0 0.7024 0.3389 0.0366 0.0519
0 0.7058 0.2254 0.0314 0.0408
0 0.4120 0.3484 0.0255 0.0478
0 0.2103 0.7776 0.0321 0.0770
0 0.4846 0.3080 0.0213 0.0438
0 0.8297 0.3295 0.0210 0.0490
0 0.9108 0.3986 0.0438 0.0366
0 0.5926 0.4152 0.0230 0.0511
0 0.7430 0.3326 0.0197 0.0510
0 0.9013 0.3091 0.0403 0.0420
0 0.2681 0.6607 0.0561 0.0302
0 0.6670 0.4313 0.0411 0.0382
0 0.3817 0.3175 0.0290 0.0590
0 0.7980 0.3177 0.0481 0.0291
0 0.5138 0.2671 0.0338 0.0293
0 0.7044 0.2796 0.0501 0.0324
0 0.3120 0.3549 0.0248 0.0489
0 0.6440 0.3672 0.0208 0.0613
0 0.4244 0.2741 0.0180 0.0279
0 0.4880 0.2725 0.0183 0.0260
0 0.6177 0.2652 0.0190 0.0274
