0 0.2932 0.4180 0.0471 0.0425
0 0.6605 0.4359 0.0433 0.0374
0 0.2903 0.5100 0.0458 0.0554
0 0.5474 0.2999 0.0214 0.0448
0 0.3447 0.2630 0.0378 0.0408
0 0.7754 0.5448 0.0354 0.0685
0 0.5952 0.4206 0.0234 0.0554
0 0.7002 0.3359 0.0399 0.0461
0 0.8299 0.3296 0.0205 0.0498
0 0.7081 0.2252 0.0332 0.0432
0 0.7433 0.3333 0.0189 0.0503
0 0.4844 0.3080 0.0204 0.0427
0 0.9091 0.3975 0.0372 0.0400
0 0.5180 0.6042 0.0351 0.0579
0 0.9004 0.3070 0.0407 0.0406
0 0.2464 0.7014 0.0403 0.0765
0 0.5044 0.4582 0.0278 0.0545
0 0.4084 0.3621 0.0226 0.0483
0 0.6446 0.3621 0.0191 0.0616
0 0.7978 0.3161 0.0490 0.0277
0 0.3778 0.3241 0.0274 0.0520
0 0.5149 0.2656 0.0268 0.0318
0 0.3121 0.3548 0.0235 0.0488
0 0.5399 0.4207 0.0405 0.0565
0 0.7013 0.2831 0.0474 0.0303
0 0.4870 0.2725 0.0195 0.0266
0 0.4250 0.2734 0.0187 0.0263
0 0.2680 0.6588 0.0548 0.0325
0 0.6180 0.2669 0.0188 0.0289
