0 0.2940 0.4183 0.0488 0.0421
0 0.6578 0.4372 0.0444 0.0386
0 0.5503 0.4146 0.0302 0.0632
0 0.3448 0.2631 0.0377 0.0415
0 0.5476 0.2998 0.0203 0.0452
0 0.6989 0.3344 0.0399 0.0446
0 0.5064 0.4587 0.0296 0.0561
0 0.5211 0.6120 0.0360 0.0585
0 0.4064 0.3745 0.0266 0.0458
0 0.8299 0.3293 0.0210 0.0492
0 0.4854 0.3077 0.0207 0.0441
0 0.7434 0.3329 0.0187 0.0492
0 0.3745 0.3254 0.0299 0.0520
0 0.9100 0.3964 0.0339 0.0461
0 0.7443 0.5040 0.0381 0.0649
0 0.2759 0.6569 0.0443 0.0626
0 0.8995 0.3088 0.0443 0.0356
0 0.2774 0.5377 0.0478 0.0633
0 0.7101 0.2254 0.0343 0.0439
0 0.7987 0.3153 0.0501 0.0277
0 0.6453 0.3603 0.0233 0.0612
0 0.5148 0.2635 0.0321 0.0327
0 0.5949 0.4261 0.0264 0.0524
0 0.3123 0.3546 0.0239 0.0477
0 0.4249 0.2744 0.0176 0.0273
0 0.4886 0.2731 0.0192 0.0277
0 0.6990 0.2841 0.0522 0.0313
0 0.6182 0.2670 0.0191 0.0285
0 0.5561 0.2641 0.0178 0.0228
