0 0.2940 0.4181 0.0483 0.0435
0 0.6569 0.4382 0.0425 0.0407
0 0.3731 0.3287 0.0331 0.0483
0 0.6992 0.4776 0.0325 0.0655
0 0.3460 0.2585 0.0422 0.0371
0 0.5217 0.6163 0.0364 0.0617
0 0.6984 0.3347 0.0394 0.0425
0 0.5475 0.2992 0.0193 0.0454
0 0.4030 0.3789 0.0273 0.0496
0 0.5061 0.4589 0.0286 0.0538
0 0.3150 0.6533 0.0267 0.0708
0 0.4851 0.3072 0.0205 0.0450
0 0.8297 0.3291 0.0223 0.0498
0 0.5471 0.4175 0.0301 0.0587
0 0.2517 0.5545 0.0406 0.0648
0 0.7437 0.3327 0.0187 0.0499
0 0.6471 0.3593 0.0294 0.0604
0 0.5959 0.4308 0.0232 0.0504
0 0.8987 0.3102 0.0433 0.0361
0 0.7980 0.3155 0.0471 0.0289
0 0.7111 0.2265 0.0410 0.0392
0 0.5134 0.2628 0.0299 0.0421
0 0.2663 0.6612 0.0538 0.0334
0 0.4245 0.2734 0.0186 0.0266
0 0.3118 0.3551 0.0221 0.0503
0 0.9096 0.3920 0.0304 0.0532
0 0.4886 0.2741 0.0206 0.0281
0 0.6940 0.2883 0.0397 0.0364
0 0.5666 0.3863 0.0199 0.0527
0 0.6185 0.2662 0.0181 0.0293
0 0.5557 0.2650 0.0184 0.0240
0 0.0059 0.3399 0.0161 0.0279
