0 0.3381 0.6670 0.0270 0.0704
0 0.2941 0.4180 0.0480 0.0437
0 0.3726 0.3296 0.0354 0.0454
0 0.2257 0.5596 0.0324 0.0718
0 0.4006 0.3859 0.0257 0.0524
0 0.5214 0.6207 0.0382 0.0594
0 0.5473 0.2994 0.0198 0.0453
0 0.4854 0.3080 0.0201 0.0464
0 0.9105 0.3874 0.0285 0.0512
0 0.5060 0.4573 0.0284 0.0533
0 0.3462 0.2567 0.0444 0.0370
0 0.6943 0.3326 0.0384 0.0385
0 0.8300 0.3294 0.0208 0.0507
0 0.7438 0.3328 0.0180 0.0498
0 0.5962 0.4326 0.0225 0.0560
0 0.2670 0.6605 0.0553 0.0309
0 0.8992 0.3098 0.0437 0.0356
0 0.8035 0.3154 0.0524 0.0299
0 0.5464 0.4169 0.0341 0.0569
0 0.7092 0.2277 0.0471 0.0298
0 0.6508 0.4459 0.0412 0.0499
0 0.6485 0.3587 0.0276 0.0547
0 0.5115 0.2570 0.0350 0.0415
0 0.6923 0.2895 0.0397 0.0367
0 0.4254 0.2716 0.0199 0.0250
0 0.4895 0.2730 0.0217 0.0265
0 0.5572 0.3854 0.0310 0.0540
0 0.3111 0.3554 0.0219 0.0517
0 0.6180 0.2653 0.0187 0.0283
0 0.5557 0.2649 0.0183 0.0239
0 0.0057 0.3401 0.0158 0.0282
