0 0.2947 0.4181 0.0471 0.0435
0 0.3701 0.3330 0.0356 0.0498
0 0.2049 0.5608 0.0259 0.0725
0 0.5246 0.6257 0.0402 0.0613
0 0.5474 0.2992 0.0213 0.0441
0 0.3459 0.2571 0.0451 0.0389
0 0.4857 0.3083 0.0201 0.0445
0 0.8299 0.3286 0.0223 0.0527
0 0.9094 0.3832 0.0243 0.0478
0 0.7440 0.3327 0.0177 0.0495
0 0.5050 0.4553 0.0268 0.0530
0 0.6917 0.3318 0.0415 0.0378
0 0.8011 0.3132 0.0469 0.0335
0 0.4008 0.3894 0.0243 0.0503
0 0.2664 0.6608 0.0552 0.0287
0 0.5169 0.4097 0.0327 0.0584
0 0.7094 0.2317 0.0460 0.0289
0 0.5110 0.2576 0.0304 0.0492
0 0.5973 0.4319 0.0215 0.0641
0 0.4233 0.2736 0.0187 0.0274
0 0.8965 0.3066 0.0449 0.0336
0 0.6506 0.4398 0.0324 0.0450
0 0.5475 0.4185 0.0315 0.0456
0 0.6498 0.3586 0.0275 0.0579
0 0.3114 0.3601 0.0224 0.0542
0 0.3558 0.6928 0.0236 0.0715
0 0.6239 0.4248 0.0212 0.0612
0 0.6919 0.2891 0.0426 0.0340
0 0.4879 0.2737 0.0208 0.0291
0 0.6178 0.2667 0.0187 0.0302
0 0.5556 0.2658 0.0185 0.0255
0 0.4006 0.9907 0.0227 0.0223
0 0.0058 0.3402 0.0160 0.0282
