0 0.2938 0.4180 0.0452 0.0444
0 0.3678 0.3357 0.0343 0.0490
0 0.1879 0.5546 0.0249 0.0751
0 0.5477 0.2994 0.0214 0.0440
0 0.4857 0.3080 0.0206 0.0436
0 0.9097 0.3814 0.0217 0.0541
0 0.5265 0.6314 0.0391 0.0579
0 0.5443 0.4191 0.0333 0.0492
0 0.7437 0.3326 0.0182 0.0483
0 0.6465 0.4446 0.0412 0.0450
0 0.5067 0.4556 0.0282 0.0438
0 0.8298 0.3295 0.0221 0.0495
0 0.3478 0.2567 0.0457 0.0354
0 0.6876 0.3309 0.0457 0.0403
0 0.5970 0.4370 0.0229 0.0560
0 0.3619 0.7119 0.0236 0.0724
0 0.8025 0.3154 0.0505 0.0316
0 0.6225 0.4046 0.0218 0.0637
0 0.2665 0.6607 0.0554 0.0291
0 0.4194 0.9173 0.0246 0.0867
0 0.7104 0.2337 0.0459 0.0280
0 0.5115 0.2585 0.0327 0.0449
0 0.4734 0.4232 0.0284 0.0577
0 0.4001 0.3915 0.0269 0.0497
0 0.3114 0.3602 0.0221 0.0548
0 0.4240 0.2736 0.0194 0.0259
0 0.6910 0.2896 0.0422 0.0384
0 0.6507 0.3541 0.0253 0.0586
0 0.4880 0.2737 0.0205 0.0279
0 0.8912 0.3082 0.0434 0.0293
0 0.6145 0.2681 0.0211 0.0310
0 0.5566 0.2659 0.0185 0.0247
0 0.0057 0.3402 0.0159 0.0284
