0 0.2936 0.4181 0.0456 0.0445
0 0.3653 0.3413 0.0347 0.0525
0 0.1889 0.5526 0.0288 0.0744
0 0.5477 0.2993 0.0212 0.0443
0 0.4855 0.3080 0.0217 0.0449
0 0.9080 0.3760 0.0217 0.0551
0 0.2669 0.6604 0.0536 0.0296
0 0.5057 0.4523 0.0282 0.0444
0 0.6458 0.4454 0.0428 0.0438
0 0.7436 0.3325 0.0184 0.0482
0 0.5449 0.4171 0.0333 0.0474
0 0.3460 0.2575 0.0451 0.0366
0 0.8289 0.3300 0.0232 0.0491
0 0.5282 0.6361 0.0387 0.0532
0 0.5958 0.4409 0.0222 0.0583
0 0.8036 0.3146 0.0520 0.0319
0 0.3556 0.7092 0.0298 0.0693
0 0.4500 0.4244 0.0341 0.0634
0 0.7101 0.2349 0.0477 0.0296
0 0.3993 0.3960 0.0282 0.0465
0 0.5110 0.2586 0.0324 0.0457
0 0.6276 0.3958 0.0374 0.0522
0 0.6914 0.3299 0.0358 0.0383
0 0.4240 0.2740 0.0202 0.0261
0 0.6518 0.3530 0.0300 0.0590
0 0.3119 0.3600 0.0221 0.0551
0 0.6892 0.2920 0.0422 0.0444
0 0.8892 0.3109 0.0406 0.0301
0 0.4251 0.8035 0.0227 0.0787
0 0.4899 0.2733 0.0220 0.0276
0 0.6130 0.2683 0.0217 0.0315
0 0.5569 0.2663 0.0182 0.0249
0 0.0056 0.3400 0.0158 0.0283
0 0.6747 0.3115 0.0272 0.0432
