0 0.2945 0.4177 0.0471 0.0454
0 0.4859 0.3083 0.0218 0.0471
0 0.3635 0.3448 0.0354 0.0529
0 0.5476 0.2995 0.0215 0.0442
0 0.1964 0.5540 0.0272 0.0757
0 0.9066 0.3720 0.0214 0.0533
0 0.7077 0.2370 0.0502 0.0297
0 0.2677 0.6608 0.0551 0.0296
0 0.5052 0.4520 0.0304 0.0436
0 0.7435 0.3327 0.0191 0.0470
0 0.3442 0.2605 0.0425 0.0395
0 0.6298 0.3885 0.0414 0.0462
0 0.5945 0.4436 0.0214 0.0588
0 0.5428 0.4205 0.0318 0.0465
0 0.4379 0.4315 0.0334 0.0649
0 0.8301 0.3307 0.0207 0.0476
0 0.8037 0.3162 0.0520 0.0288
0 0.3980 0.4012 0.0213 0.0575
0 0.5121 0.2607 0.0289 0.0488
0 0.6524 0.3473 0.0297 0.0469
0 0.8887 0.3108 0.0420 0.0301
0 0.5279 0.6389 0.0426 0.0481
0 0.6871 0.3312 0.0400 0.0392
0 0.4093 0.6994 0.0267 0.0766
0 0.4240 0.2739 0.0200 0.0255
0 0.6446 0.4475 0.0402 0.0440
0 0.3118 0.3601 0.0224 0.0544
0 0.3558 0.6839 0.0234 0.0673
0 0.6881 0.2902 0.0401 0.0390
0 0.6142 0.2674 0.0224 0.0297
0 0.5569 0.2677 0.0182 0.0249
0 0.4940 0.2706 0.0201 0.0291
0 0.0057 0.3399 0.0159 0.0280
